       40000   975.993880   975.651839    -0.000350     0.007422
       86956  1964.141568  1963.090617    -0.000535     0.008682
      250000  5090.549543  5089.648195    -0.000177     0.005943
      196604  4099.841357  4053.735323    -0.011246     0.007839
      522000  9959.171261 10413.543626     0.045624     0.008413
       40000   975.993880   975.651839    -0.000350     0.007422
       86956  1964.141568  1963.090617    -0.000535     0.008682
      250000  5090.549543  5089.648195    -0.000177     0.005943
      196604  4099.841357  4053.735323    -0.011246     0.007839
      522000  9959.171261 10413.543626     0.045624     0.008413
