0.00566819 0.00900000 0.00262373 0.00900000 0.00459004 0.00398117 0.00313745 0.00900000 0.00100000 0.00672943 0.00100000 0.00100000 0.00900000 0.00100000 0.00100000 0.00900000 0.00153132 0.00735110 0.00598467 0.00364489 0.00297007 0.00370183 0.00271899 0.00156037 0.00506653 0.00608357 0.00900000 0.00222414 0.00391765 0.00528512 0.00900000 0.00602649 0.00834985 0.00900000 0.00593005 0.00342861 0.00100000 0.00384432 0.00100000 0.00900000 0.00779614 0.00359945 0.00900000 0.00472530 0.00496336 0.00413289 0.00803654 0.00900000
0.00566819 0.00900000 0.00262373 0.00900000 0.00459004 0.00398117 0.00313745 0.00900000 0.00100000 0.00672943 0.00100000 0.00100000 0.00900000 0.00100000 0.00100000 0.00900000 0.00153132 0.00735110 0.00598467 0.00364489 0.00297007 0.00370183 0.00271899 0.00156037 0.00506653 0.00608357 0.00900000 0.00222414 0.00391765 0.00528512 0.00900000 0.00602649 0.00834985 0.00900000 0.00593005 0.00342861 0.00100000 0.00384432 0.00100000 0.00900000 0.00779614 0.00359945 0.00900000 0.00472530 0.00496336 0.00413289 0.00803654 0.00900000
0.00566948 0.00900000 0.00262424 0.00900000 0.00459099 0.00398142 0.00313649 0.00900000 0.00100000 0.00673109 0.00100000 0.00100000 0.00900000 0.00100000 0.00100000 0.00900000 0.00153109 0.00734970 0.00598847 0.00364412 0.00296982 0.00370108 0.00271866 0.00156132 0.00506672 0.00608378 0.00900000 0.00222390 0.00391784 0.00528650 0.00900000 0.00602586 0.00834968 0.00900000 0.00593062 0.00342788 0.00100000 0.00384360 0.00100000 0.00900000 0.00779497 0.00360060 0.00900000 0.00472509 0.00496228 0.00413300 0.00803619 0.00900000
0.00566948 0.00900000 0.00262424 0.00900000 0.00459099 0.00398142 0.00313649 0.00900000 0.00100000 0.00673109 0.00100000 0.00100000 0.00900000 0.00100000 0.00100000 0.00900000 0.00153109 0.00734970 0.00598847 0.00364412 0.00296982 0.00370108 0.00271866 0.00156132 0.00506672 0.00608378 0.00900000 0.00222390 0.00391784 0.00528650 0.00900000 0.00602586 0.00834968 0.00900000 0.00593062 0.00342788 0.00100000 0.00384360 0.00100000 0.00900000 0.00779497 0.00360060 0.00900000 0.00472509 0.00496228 0.00413300 0.00803619 0.00900000
0.00490762 0.00581401 0.00788767 0.00336620 0.00900000 0.00100000 0.00398707 0.00507737 0.00900000 0.00100000 0.00580032 0.00900000 0.00474393 0.00802050 0.00655371 0.00694784 0.00526400 0.00795048 0.00862273 0.00900000 0.00181414 0.00900000 0.00727292 0.00502070 0.00900000 0.00360531 0.00452315 0.00900000 0.00100000 0.00263358 0.00288285 0.00408920 0.00353284 0.00100000 0.00100000 0.00100000 0.00412021 0.00900000 0.00248729 0.00280706 0.00337418 0.00900000 0.00475649 0.00100000 0.00698387 0.00276145 0.00100000 0.00900000
0.00490762 0.00581401 0.00788767 0.00336620 0.00900000 0.00100000 0.00398707 0.00507737 0.00900000 0.00100000 0.00580032 0.00900000 0.00474393 0.00802050 0.00655371 0.00694784 0.00526400 0.00795048 0.00862273 0.00900000 0.00181414 0.00900000 0.00727292 0.00502070 0.00900000 0.00360531 0.00452315 0.00900000 0.00100000 0.00263358 0.00288285 0.00408920 0.00353284 0.00100000 0.00100000 0.00100000 0.00412021 0.00900000 0.00248729 0.00280706 0.00337418 0.00900000 0.00475649 0.00100000 0.00698387 0.00276145 0.00100000 0.00900000
0.00100000 0.00100000 0.00624725 0.00472071 0.00362877 0.00900000 0.00534606 0.00132781 0.00566855 0.00660510 0.00470653 0.00881978 0.00322073 0.00835362 0.00539171 0.00752004 0.00793586 0.00872166 0.00307831 0.00556798 0.00814635 0.00410371 0.00900000 0.00749588 0.00392420 0.00856816 0.00865422 0.00100000 0.00100000 0.00900000 0.00628910 0.00489029 0.00380261 0.00900000 0.00386645 0.00779389 0.00452206 0.00345883 0.00598679 0.00770720 0.00227848 0.00900000 0.00100000 0.00716473 0.00100000 0.00649541 0.00461066 0.00251302
0.00566948 0.00900000 0.00262424 0.00900000 0.00459099 0.00398142 0.00313649 0.00900000 0.00100000 0.00673109 0.00100000 0.00100000 0.00900000 0.00100000 0.00100000 0.00900000 0.00153109 0.00734970 0.00598847 0.00364412 0.00296982 0.00370108 0.00271866 0.00156132 0.00506672 0.00608378 0.00900000 0.00222390 0.00391784 0.00528650 0.00900000 0.00602586 0.00834968 0.00900000 0.00593062 0.00342788 0.00100000 0.00384360 0.00100000 0.00900000 0.00779497 0.00360060 0.00900000 0.00472509 0.00496228 0.00413300 0.00803619 0.00900000
0.00358561 0.00640473 0.00577436 0.00742775 0.00647057 0.00584755 0.00516489 0.00100000 0.00627046 0.00100000 0.00641481 0.00100000 0.00754912 0.00777068 0.00811581 0.00749671 0.00156789 0.00500825 0.00100000 0.00660381 0.00682900 0.00113026 0.00466301 0.00100000 0.00259488 0.00182871 0.00900000 0.00900000 0.00100000 0.00892594 0.00900000 0.00484326 0.00100000 0.00100000 0.00365687 0.00495943 0.00100000 0.00900000 0.00634549 0.00283690 0.00150847 0.00828478 0.00421637 0.00403180 0.00900000 0.00337292 0.00508891 0.00900000
0.00358561 0.00640473 0.00577436 0.00742775 0.00647057 0.00584755 0.00516489 0.00100000 0.00627046 0.00100000 0.00641481 0.00100000 0.00754912 0.00777068 0.00811581 0.00749671 0.00156789 0.00500825 0.00100000 0.00660381 0.00682900 0.00113026 0.00466301 0.00100000 0.00259488 0.00182871 0.00900000 0.00900000 0.00100000 0.00892594 0.00900000 0.00484326 0.00100000 0.00100000 0.00365687 0.00495943 0.00100000 0.00900000 0.00634549 0.00283690 0.00150847 0.00828478 0.00421637 0.00403180 0.00900000 0.00337292 0.00508891 0.00900000
0.00358561 0.00640473 0.00577436 0.00742775 0.00647057 0.00584755 0.00516489 0.00100000 0.00627046 0.00100000 0.00641481 0.00100000 0.00754912 0.00777068 0.00811581 0.00749671 0.00156789 0.00500825 0.00100000 0.00660381 0.00682900 0.00113026 0.00466301 0.00100000 0.00259488 0.00182871 0.00900000 0.00900000 0.00100000 0.00892594 0.00900000 0.00484326 0.00100000 0.00100000 0.00365687 0.00495943 0.00100000 0.00900000 0.00634549 0.00283690 0.00150847 0.00828478 0.00421637 0.00403180 0.00900000 0.00337292 0.00508891 0.00900000
0.00358561 0.00640473 0.00577436 0.00742775 0.00647057 0.00584755 0.00516489 0.00100000 0.00627046 0.00100000 0.00641481 0.00100000 0.00754912 0.00777068 0.00811581 0.00749671 0.00156789 0.00500825 0.00100000 0.00660381 0.00682900 0.00113026 0.00466301 0.00100000 0.00259488 0.00182871 0.00900000 0.00900000 0.00100000 0.00892594 0.00900000 0.00484326 0.00100000 0.00100000 0.00365687 0.00495943 0.00100000 0.00900000 0.00634549 0.00283690 0.00150847 0.00828478 0.00421637 0.00403180 0.00900000 0.00337292 0.00508891 0.00900000
0.00358561 0.00640473 0.00577436 0.00742775 0.00647057 0.00584755 0.00516489 0.00100000 0.00627046 0.00100000 0.00641481 0.00100000 0.00754912 0.00777068 0.00811581 0.00749671 0.00156789 0.00500825 0.00100000 0.00660381 0.00682900 0.00113026 0.00466301 0.00100000 0.00259488 0.00182871 0.00900000 0.00900000 0.00100000 0.00892594 0.00900000 0.00484326 0.00100000 0.00100000 0.00365687 0.00495943 0.00100000 0.00900000 0.00634549 0.00283690 0.00150847 0.00828478 0.00421637 0.00403180 0.00900000 0.00337292 0.00508891 0.00900000
