0.00000000 0.00000000 0.00000000 0.00000000 0.00000000 0.00000000 0.00000000 0.00000000 0.00000000 0.00000000 0.00000000 0.00000000 0.00000000 0.00000000 0.00000000 0.00000000 0.00000000 0.00000000 0.00000000 0.00000000 0.00000000 0.00000000 0.00000000 0.00000000 0.00000000 0.00000000 0.00000000 0.00000000 0.00000000 0.00000000 0.00000000 0.00000000 0.00000000 0.00000000 0.00000000 0.00000000 0.00000000 0.00000000 0.00000000 0.00000000 0.00000000 0.00000000 0.00000000 0.00000000 0.00000000 0.00000000 0.00000000 0.00000000
0.00000000 0.00000000 0.00000000 0.00000000 0.00000000 0.00000000 0.00000000 0.00000000 0.00000000 0.00000000 0.00000000 0.00000000 0.00000000 0.00000000 0.00000000 0.00000000 0.00000000 0.00000000 0.00000000 0.00000000 0.00000000 0.00000000 0.00000000 0.00000000 0.00000000 0.00000000 0.00000000 0.00000000 0.00000000 0.00000000 0.00000000 0.00000000 0.00000000 0.00000000 0.00000000 0.00000000 0.00000000 0.00000000 0.00000000 0.00000000 0.00000000 0.00000000 0.00000000 0.00000000 0.00000000 0.00000000 0.00000000 0.00000000
0.00100000 0.00435583 0.00900000 0.00528379 0.00144673 0.00643598 0.00780790 0.00900000 0.00900000 0.00806427 0.00532865 0.00778822 0.00287227 0.00900000 0.00833980 0.00875013 0.00788627 0.00337472 0.00900000 0.00647113 0.00558909 0.00331529 0.00692236 0.00243327 0.00869050 0.00655937 0.00326022 0.00221989 0.00675381 0.00555640 0.00250655 0.00774418 0.00100000 0.00646591 0.00580419 0.00853206 0.00900000 0.00800348 0.00356440 0.00176688 0.00900000 0.00302312 0.00900000 0.00100000 0.00258782 0.00343812 0.00679398 0.00728967
0.00000000 0.00000000 0.00000000 0.00000000 0.00000000 0.00000000 0.00000000 0.00000000 0.00000000 0.00000000 0.00000000 0.00000000 0.00000000 0.00000000 0.00000000 0.00000000 0.00000000 0.00000000 0.00000000 0.00000000 0.00000000 0.00000000 0.00000000 0.00000000 0.00000000 0.00000000 0.00000000 0.00000000 0.00000000 0.00000000 0.00000000 0.00000000 0.00000000 0.00000000 0.00000000 0.00000000 0.00000000 0.00000000 0.00000000 0.00000000 0.00000000 0.00000000 0.00000000 0.00000000 0.00000000 0.00000000 0.00000000 0.00000000
0.00900000 0.00370315 0.00372827 0.00667711 0.00246499 0.00778584 0.00199533 0.00638766 0.00253260 0.00763583 0.00250498 0.00900000 0.00583520 0.00900000 0.00403321 0.00578370 0.00900000 0.00100000 0.00900000 0.00821632 0.00397235 0.00547617 0.00900000 0.00531566 0.00625507 0.00595873 0.00658979 0.00492600 0.00633040 0.00146435 0.00796788 0.00489613 0.00900000 0.00642399 0.00607841 0.00419173 0.00848217 0.00465325 0.00900000 0.00523272 0.00900000 0.00224735 0.00742237 0.00584665 0.00900000 0.00900000 0.00100000 0.00563298
0.00000000 0.00000000 0.00000000 0.00000000 0.00000000 0.00000000 0.00000000 0.00000000 0.00000000 0.00000000 0.00000000 0.00000000 0.00000000 0.00000000 0.00000000 0.00000000 0.00000000 0.00000000 0.00000000 0.00000000 0.00000000 0.00000000 0.00000000 0.00000000 0.00000000 0.00000000 0.00000000 0.00000000 0.00000000 0.00000000 0.00000000 0.00000000 0.00000000 0.00000000 0.00000000 0.00000000 0.00000000 0.00000000 0.00000000 0.00000000 0.00000000 0.00000000 0.00000000 0.00000000 0.00000000 0.00000000 0.00000000 0.00000000
0.00535433 0.00556489 0.00900000 0.00730193 0.00900000 0.00100000 0.00100000 0.00621946 0.00852094 0.00746480 0.00644165 0.00758203 0.00516792 0.00865592 0.00393268 0.00412660 0.00711357 0.00669549 0.00577612 0.00664781 0.00100000 0.00509967 0.00122380 0.00281532 0.00900000 0.00210089 0.00133037 0.00624151 0.00900000 0.00447387 0.00100000 0.00853594 0.00585525 0.00565800 0.00227789 0.00900000 0.00100000 0.00285209 0.00360095 0.00589724 0.00100000 0.00144478 0.00255513 0.00100000 0.00831688 0.00481447 0.00416771 0.00282200
0.00000000 0.00000000 0.00000000 0.00000000 0.00000000 0.00000000 0.00000000 0.00000000 0.00000000 0.00000000 0.00000000 0.00000000 0.00000000 0.00000000 0.00000000 0.00000000 0.00000000 0.00000000 0.00000000 0.00000000 0.00000000 0.00000000 0.00000000 0.00000000 0.00000000 0.00000000 0.00000000 0.00000000 0.00000000 0.00000000 0.00000000 0.00000000 0.00000000 0.00000000 0.00000000 0.00000000 0.00000000 0.00000000 0.00000000 0.00000000 0.00000000 0.00000000 0.00000000 0.00000000 0.00000000 0.00000000 0.00000000 0.00000000
0.00100000 0.00523099 0.00700858 0.00282895 0.00269403 0.00422458 0.00453246 0.00315709 0.00307436 0.00601835 0.00866499 0.00654998 0.00100000 0.00467662 0.00703223 0.00722932 0.00361914 0.00100000 0.00900000 0.00735424 0.00817383 0.00541479 0.00707795 0.00100000 0.00200761 0.00100000 0.00635728 0.00100000 0.00243437 0.00100000 0.00543389 0.00887647 0.00900000 0.00268994 0.00496803 0.00100000 0.00100000 0.00255147 0.00143172 0.00900000 0.00372324 0.00147887 0.00373596 0.00100000 0.00204800 0.00296433 0.00100000 0.00634629
0.00000000 0.00000000 0.00000000 0.00000000 0.00000000 0.00000000 0.00000000 0.00000000 0.00000000 0.00000000 0.00000000 0.00000000 0.00000000 0.00000000 0.00000000 0.00000000 0.00000000 0.00000000 0.00000000 0.00000000 0.00000000 0.00000000 0.00000000 0.00000000 0.00000000 0.00000000 0.00000000 0.00000000 0.00000000 0.00000000 0.00000000 0.00000000 0.00000000 0.00000000 0.00000000 0.00000000 0.00000000 0.00000000 0.00000000 0.00000000 0.00000000 0.00000000 0.00000000 0.00000000 0.00000000 0.00000000 0.00000000 0.00000000
0.00510587 0.00196853 0.00900000 0.00429135 0.00900000 0.00900000 0.00217529 0.00360418 0.00100000 0.00419495 0.00561133 0.00288400 0.00271456 0.00704457 0.00139633 0.00378636 0.00669558 0.00439378 0.00646051 0.00569870 0.00397008 0.00100000 0.00229194 0.00279904 0.00299408 0.00365825 0.00845571 0.00900000 0.00798512 0.00255963 0.00900000 0.00100000 0.00100000 0.00719102 0.00731182 0.00524636 0.00519773 0.00704618 0.00504468 0.00541551 0.00110573 0.00100000 0.00458924 0.00218348 0.00251280 0.00840093 0.00857983 0.00898690
