0.00900000 0.00639929 0.00365940 0.00100000 0.00268653 0.00253502 0.00232458 0.00900000 0.00530202 0.00799724 0.00900000 0.00900000 0.00625232 0.00516415 0.00100000 0.00717127 0.00853823 0.00676306 0.00131422 0.00100000 0.00365412 0.00626470 0.00100000 0.00841999 0.00100000 0.00509034 0.00749272 0.00460939 0.00100000 0.00887643 0.00441197 0.00900000 0.00433008 0.00328734 0.00310443 0.00100000 0.00742579 0.00237246 0.00457059 0.00474597 0.00900000 0.00471190 0.00100000 0.00641323 0.00522411 0.00185576 0.00750880 0.00481067
0.00580634 0.00664989 0.00376454 0.00352849 0.00417109 0.00100000 0.00900000 0.00667487 0.00138969 0.00900000 0.00763910 0.00347546 0.00173913 0.00825228 0.00434513 0.00900000 0.00170793 0.00100000 0.00900000 0.00459962 0.00391240 0.00436395 0.00658255 0.00312981 0.00380499 0.00130365 0.00645793 0.00489566 0.00680678 0.00900000 0.00481957 0.00882550 0.00900000 0.00570568 0.00224574 0.00900000 0.00900000 0.00147968 0.00369996 0.00100000 0.00525616 0.00900000 0.00429200 0.00690598 0.00684799 0.00525068 0.00492110 0.00788737
0.00900000 0.00268611 0.00572203 0.00818902 0.00100000 0.00430503 0.00900000 0.00100000 0.00100000 0.00455494 0.00100000 0.00900000 0.00339830 0.00826707 0.00311901 0.00900000 0.00434560 0.00100000 0.00487929 0.00503164 0.00242596 0.00900000 0.00173435 0.00147196 0.00389124 0.00727131 0.00830667 0.00197705 0.00849717 0.00103010 0.00881934 0.00519819 0.00100000 0.00439155 0.00197431 0.00440433 0.00870983 0.00487572 0.00100000 0.00655779 0.00900000 0.00526929 0.00900000 0.00465654 0.00100000 0.00900000 0.00606643 0.00628694
0.00310206 0.00100000 0.00210028 0.00687652 0.00257742 0.00715120 0.00531636 0.00690050 0.00268381 0.00100000 0.00700129 0.00100000 0.00462138 0.00730364 0.00100000 0.00900000 0.00514337 0.00283501 0.00544016 0.00255990 0.00517548 0.00100000 0.00156608 0.00144299 0.00819210 0.00369654 0.00100000 0.00518338 0.00680461 0.00640657 0.00413424 0.00900000 0.00100000 0.00100000 0.00100000 0.00900000 0.00446520 0.00900000 0.00114953 0.00900000 0.00100000 0.00900000 0.00268120 0.00215610 0.00900000 0.00686404 0.00100000 0.00270118
0.00654370 0.00651927 0.00674150 0.00372061 0.00342613 0.00900000 0.00290359 0.00100000 0.00613258 0.00550446 0.00415743 0.00900000 0.00900000 0.00223160 0.00355674 0.00353547 0.00297421 0.00900000 0.00622694 0.00178907 0.00196932 0.00100000 0.00681570 0.00777322 0.00620515 0.00300129 0.00721789 0.00630392 0.00100000 0.00316716 0.00497074 0.00900000 0.00100000 0.00900000 0.00900000 0.00900000 0.00532441 0.00100000 0.00900000 0.00537937 0.00622346 0.00444787 0.00100000 0.00230067 0.00203885 0.00100000 0.00866248 0.00900000
0.00738037 0.00779698 0.00155707 0.00608831 0.00223554 0.00100000 0.00213933 0.00100000 0.00382835 0.00100000 0.00868058 0.00322322 0.00603083 0.00520271 0.00508442 0.00900000 0.00678719 0.00100000 0.00489109 0.00619161 0.00497205 0.00339870 0.00100000 0.00737520 0.00582310 0.00536530 0.00100000 0.00506762 0.00670590 0.00100000 0.00900000 0.00100000 0.00480337 0.00586867 0.00100000 0.00656523 0.00286912 0.00307050 0.00900000 0.00505463 0.00546288 0.00702212 0.00150627 0.00350539 0.00100000 0.00100000 0.00340240 0.00100000
0.00100000 0.00438260 0.00214491 0.00744564 0.00292031 0.00100000 0.00482976 0.00747436 0.00112097 0.00100000 0.00157336 0.00802126 0.00192068 0.00777111 0.00100000 0.00900000 0.00100000 0.00123476 0.00100000 0.00421902 0.00100000 0.00900000 0.00592218 0.00274065 0.00100000 0.00422909 0.00900000 0.00900000 0.00760615 0.00699385 0.00285605 0.00900000 0.00268108 0.00443716 0.00231510 0.00804543 0.00395894 0.00477670 0.00100000 0.00100000 0.00200801 0.00100000 0.00900000 0.00900000 0.00584286 0.00100000 0.00111302 0.00556714
0.00328292 0.00129140 0.00488204 0.00171743 0.00459319 0.00272309 0.00489521 0.00393659 0.00100000 0.00436735 0.00647418 0.00261962 0.00299223 0.00712486 0.00105792 0.00126442 0.00167148 0.00612298 0.00387164 0.00107971 0.00100000 0.00599045 0.00779849 0.00217142 0.00860288 0.00100000 0.00525555 0.00543755 0.00100000 0.00900000 0.00664110 0.00710553 0.00802171 0.00327965 0.00100000 0.00607529 0.00900000 0.00123448 0.00900000 0.00390352 0.00622794 0.00741828 0.00717709 0.00356643 0.00296245 0.00100000 0.00843132 0.00900000
0.00531333 0.00196197 0.00100000 0.00648837 0.00100000 0.00126685 0.00647636 0.00340896 0.00900000 0.00100000 0.00351274 0.00471876 0.00433983 0.00213516 0.00100000 0.00189083 0.00507823 0.00900000 0.00664298 0.00707324 0.00429079 0.00161390 0.00664626 0.00260084 0.00100000 0.00664985 0.00900000 0.00813418 0.00623147 0.00508304 0.00348621 0.00457935 0.00100000 0.00670787 0.00100000 0.00288000 0.00900000 0.00100000 0.00481351 0.00490811 0.00472233 0.00586237 0.00100000 0.00900000 0.00178399 0.00381666 0.00100000 0.00900000
0.00384047 0.00130268 0.00900000 0.00900000 0.00900000 0.00684046 0.00124957 0.00898413 0.00900000 0.00317395 0.00900000 0.00806810 0.00682418 0.00819672 0.00617070 0.00834424 0.00100000 0.00835313 0.00404976 0.00298827 0.00567519 0.00868065 0.00491323 0.00368087 0.00323416 0.00566533 0.00800843 0.00110618 0.00444718 0.00900000 0.00900000 0.00100000 0.00507456 0.00219653 0.00100000 0.00764680 0.00100000 0.00659066 0.00860692 0.00438570 0.00900000 0.00252961 0.00257267 0.00830473 0.00804932 0.00490407 0.00900000 0.00579905
0.00100000 0.00744754 0.00900000 0.00897565 0.00360022 0.00707549 0.00420798 0.00262362 0.00581528 0.00135373 0.00900000 0.00599684 0.00100000 0.00844570 0.00546282 0.00671800 0.00582886 0.00544241 0.00733352 0.00353153 0.00569339 0.00900000 0.00514009 0.00749020 0.00100000 0.00175835 0.00900000 0.00100000 0.00100000 0.00517593 0.00697767 0.00532780 0.00599394 0.00479907 0.00377860 0.00100000 0.00100000 0.00100000 0.00100000 0.00128490 0.00546322 0.00100000 0.00811930 0.00291514 0.00823254 0.00315601 0.00163429 0.00540739
0.00653259 0.00488445 0.00114471 0.00900000 0.00704589 0.00473669 0.00868402 0.00425308 0.00230838 0.00900000 0.00100000 0.00636484 0.00100000 0.00898686 0.00850813 0.00100000 0.00900000 0.00553086 0.00366463 0.00809968 0.00520393 0.00100000 0.00900000 0.00579390 0.00622255 0.00100000 0.00436943 0.00100000 0.00100000 0.00481098 0.00324102 0.00100000 0.00900000 0.00594231 0.00694692 0.00100000 0.00600680 0.00769033 0.00681137 0.00530015 0.00900000 0.00469692 0.00100000 0.00100000 0.00605394 0.00558235 0.00740550 0.00551166
0.00900000 0.00773828 0.00100000 0.00100000 0.00100000 0.00421564 0.00873005 0.00608665 0.00100000 0.00900000 0.00676118 0.00251536 0.00900000 0.00100000 0.00900000 0.00371897 0.00701375 0.00369139 0.00420575 0.00744937 0.00590121 0.00302705 0.00900000 0.00577450 0.00191048 0.00100000 0.00100000 0.00245781 0.00900000 0.00100000 0.00900000 0.00444173 0.00900000 0.00412872 0.00512114 0.00100000 0.00100000 0.00900000 0.00814660 0.00194497 0.00438788 0.00900000 0.00100000 0.00100000 0.00251319 0.00900000 0.00241222 0.00832366
0.00323003 0.00773164 0.00100000 0.00642578 0.00100000 0.00497985 0.00688106 0.00900000 0.00646203 0.00100000 0.00100000 0.00100000 0.00183649 0.00553834 0.00413380 0.00100000 0.00118470 0.00308557 0.00100000 0.00183797 0.00566165 0.00105344 0.00769821 0.00498869 0.00643858 0.00900000 0.00675695 0.00164026 0.00389422 0.00100000 0.00900000 0.00475194 0.00618095 0.00100000 0.00100000 0.00635696 0.00115090 0.00330598 0.00900000 0.00691884 0.00506794 0.00900000 0.00875067 0.00900000 0.00180313 0.00300154 0.00613291 0.00900000
0.00634220 0.00444177 0.00100000 0.00100000 0.00100000 0.00100000 0.00283326 0.00213742 0.00100000 0.00900000 0.00342120 0.00438382 0.00100000 0.00161152 0.00500264 0.00443085 0.00618632 0.00292208 0.00694546 0.00111676 0.00900000 0.00630515 0.00103924 0.00452342 0.00110498 0.00100000 0.00855565 0.00434025 0.00100000 0.00100000 0.00100000 0.00122284 0.00100000 0.00100000 0.00451883 0.00100000 0.00100000 0.00629656 0.00100000 0.00100000 0.00100000 0.00302415 0.00103700 0.00900000 0.00255369 0.00307592 0.00579344 0.00851374
0.00100000 0.00622984 0.00869206 0.00100000 0.00768464 0.00900000 0.00100000 0.00281739 0.00654752 0.00319371 0.00900000 0.00900000 0.00458114 0.00346199 0.00833845 0.00168682 0.00900000 0.00357647 0.00700195 0.00135810 0.00100000 0.00900000 0.00100000 0.00194773 0.00900000 0.00100000 0.00269770 0.00257648 0.00373617 0.00100000 0.00608710 0.00900000 0.00818911 0.00417538 0.00621569 0.00861637 0.00320816 0.00900000 0.00100000 0.00234025 0.00554182 0.00714164 0.00499536 0.00836223 0.00277872 0.00713889 0.00200357 0.00638517
0.00140870 0.00102119 0.00813837 0.00900000 0.00689430 0.00771501 0.00463043 0.00814552 0.00100000 0.00676257 0.00763185 0.00395676 0.00688212 0.00602035 0.00164476 0.00566629 0.00702117 0.00747796 0.00667797 0.00661051 0.00817364 0.00627330 0.00363212 0.00512919 0.00900000 0.00554216 0.00100000 0.00100000 0.00227880 0.00100000 0.00675103 0.00512401 0.00100000 0.00100000 0.00900000 0.00645625 0.00148823 0.00415190 0.00313211 0.00100000 0.00354949 0.00638921 0.00135820 0.00329249 0.00561299 0.00441802 0.00253193 0.00670290
0.00100000 0.00128598 0.00100000 0.00448794 0.00642158 0.00457529 0.00294821 0.00630149 0.00307929 0.00100000 0.00235468 0.00713576 0.00897440 0.00493347 0.00239601 0.00597835 0.00900000 0.00270464 0.00125398 0.00311086 0.00100000 0.00475288 0.00496329 0.00100000 0.00669011 0.00186880 0.00824135 0.00539347 0.00806166 0.00643478 0.00652248 0.00377348 0.00100000 0.00485391 0.00504405 0.00100000 0.00437937 0.00854718 0.00742496 0.00761462 0.00318960 0.00586547 0.00762000 0.00391854 0.00900000 0.00828287 0.00900000 0.00900000
0.00847548 0.00670222 0.00100000 0.00172262 0.00326579 0.00107616 0.00335702 0.00399062 0.00827285 0.00318632 0.00100000 0.00326424 0.00100000 0.00329001 0.00756362 0.00373489 0.00100000 0.00100000 0.00374743 0.00774596 0.00632985 0.00623410 0.00377394 0.00100000 0.00466188 0.00873343 0.00100000 0.00100000 0.00206428 0.00100000 0.00665996 0.00100000 0.00158701 0.00420806 0.00208653 0.00900000 0.00524025 0.00720834 0.00246808 0.00506033 0.00559825 0.00203572 0.00900000 0.00254606 0.00665631 0.00888913 0.00900000 0.00332247
0.00368853 0.00435118 0.00404527 0.00900000 0.00115674 0.00449940 0.00100000 0.00411935 0.00231682 0.00100000 0.00900000 0.00828106 0.00100000 0.00571092 0.00258337 0.00900000 0.00594438 0.00823568 0.00195511 0.00454547 0.00388240 0.00697715 0.00307095 0.00876404 0.00900000 0.00161489 0.00466959 0.00422789 0.00900000 0.00897240 0.00436878 0.00620190 0.00779595 0.00572942 0.00200725 0.00671133 0.00100000 0.00509204 0.00611074 0.00708168 0.00707340 0.00396094 0.00342279 0.00639280 0.00447772 0.00100000 0.00100000 0.00100000
0.00100000 0.00322141 0.00100000 0.00275698 0.00703247 0.00359043 0.00719523 0.00476685 0.00396010 0.00806139 0.00410504 0.00100000 0.00428125 0.00100000 0.00900000 0.00900000 0.00100000 0.00489965 0.00837336 0.00900000 0.00100000 0.00613120 0.00484903 0.00100000 0.00563797 0.00100000 0.00568033 0.00684740 0.00900000 0.00301468 0.00900000 0.00615793 0.00100000 0.00569417 0.00100000 0.00708262 0.00710020 0.00900000 0.00900000 0.00100000 0.00900000 0.00668664 0.00100000 0.00100000 0.00900000 0.00254731 0.00112045 0.00722089
0.00248988 0.00900000 0.00281432 0.00536542 0.00100000 0.00100000 0.00100000 0.00491161 0.00466328 0.00900000 0.00668325 0.00900000 0.00232996 0.00368031 0.00900000 0.00900000 0.00173841 0.00747951 0.00390936 0.00331210 0.00469219 0.00442018 0.00892227 0.00100000 0.00100000 0.00202470 0.00586240 0.00698767 0.00900000 0.00900000 0.00638191 0.00900000 0.00636522 0.00375092 0.00437297 0.00698405 0.00732086 0.00249905 0.00100000 0.00100000 0.00100000 0.00100000 0.00631995 0.00302186 0.00900000 0.00100000 0.00510124 0.00100000
0.00100000 0.00615283 0.00353792 0.00900000 0.00900000 0.00393824 0.00100000 0.00900000 0.00882556 0.00652646 0.00806340 0.00100000 0.00768581 0.00871137 0.00683106 0.00194161 0.00312846 0.00900000 0.00100000 0.00481649 0.00329994 0.00382342 0.00886734 0.00900000 0.00427197 0.00100000 0.00130811 0.00100000 0.00900000 0.00900000 0.00100000 0.00576562 0.00100000 0.00100000 0.00142577 0.00426195 0.00590303 0.00121557 0.00350136 0.00248260 0.00342863 0.00425558 0.00900000 0.00100000 0.00100000 0.00521366 0.00100000 0.00545761
0.00100000 0.00599160 0.00100000 0.00846863 0.00385732 0.00743522 0.00100000 0.00725459 0.00315999 0.00550946 0.00100000 0.00833974 0.00663961 0.00471527 0.00423726 0.00900000 0.00376656 0.00521977 0.00534758 0.00264309 0.00100000 0.00100000 0.00100000 0.00698318 0.00522375 0.00100000 0.00100000 0.00498333 0.00403927 0.00600766 0.00900000 0.00100000 0.00562953 0.00900000 0.00375950 0.00100000 0.00351451 0.00900000 0.00900000 0.00895411 0.00714007 0.00100000 0.00900000 0.00100000 0.00100000 0.00810574 0.00900000 0.00450959
0.00430869 0.00457515 0.00365958 0.00900000 0.00372250 0.00211579 0.00856641 0.00502354 0.00433023 0.00900000 0.00293329 0.00315123 0.00835964 0.00895199 0.00834915 0.00447640 0.00900000 0.00225106 0.00464112 0.00900000 0.00784482 0.00236143 0.00798449 0.00100000 0.00233095 0.00900000 0.00900000 0.00900000 0.00691170 0.00100000 0.00757561 0.00377711 0.00157652 0.00383813 0.00410308 0.00211581 0.00725713 0.00218525 0.00572699 0.00610282 0.00264730 0.00562869 0.00718086 0.00900000 0.00250165 0.00340918 0.00588574 0.00384427
0.00167303 0.00583953 0.00391054 0.00900000 0.00547616 0.00590020 0.00565237 0.00854434 0.00369170 0.00900000 0.00100000 0.00679646 0.00569643 0.00100000 0.00194255 0.00251962 0.00852817 0.00565661 0.00900000 0.00292946 0.00741007 0.00900000 0.00463694 0.00336366 0.00683139 0.00251123 0.00591375 0.00311728 0.00179451 0.00504468 0.00716153 0.00416852 0.00142114 0.00607711 0.00299290 0.00100000 0.00100000 0.00100000 0.00471290 0.00100000 0.00100000 0.00676332 0.00100000 0.00353121 0.00100000 0.00100000 0.00535171 0.00169765
0.00398304 0.00103242 0.00342203 0.00900000 0.00292982 0.00100000 0.00191662 0.00900000 0.00645897 0.00100000 0.00525280 0.00725105 0.00900000 0.00130096 0.00285354 0.00100000 0.00900000 0.00132326 0.00498911 0.00100000 0.00100000 0.00550590 0.00827720 0.00410558 0.00500014 0.00865026 0.00544759 0.00221094 0.00571234 0.00270175 0.00900000 0.00900000 0.00833734 0.00100000 0.00361129 0.00544546 0.00900000 0.00250279 0.00100000 0.00100000 0.00278617 0.00674932 0.00594175 0.00216492 0.00390704 0.00481144 0.00363232 0.00100000
0.00113832 0.00586217 0.00294767 0.00205095 0.00486718 0.00506712 0.00531611 0.00889092 0.00900000 0.00384548 0.00433169 0.00203791 0.00900000 0.00122994 0.00857345 0.00100000 0.00331896 0.00286057 0.00312654 0.00755493 0.00900000 0.00293637 0.00172159 0.00887663 0.00375757 0.00413660 0.00387938 0.00900000 0.00900000 0.00884575 0.00100000 0.00900000 0.00276420 0.00732362 0.00505925 0.00900000 0.00609630 0.00449156 0.00880710 0.00100000 0.00825008 0.00180855 0.00100000 0.00819431 0.00100000 0.00900000 0.00461583 0.00100000
0.00534550 0.00306300 0.00900000 0.00900000 0.00603580 0.00727051 0.00401417 0.00100000 0.00249152 0.00900000 0.00900000 0.00900000 0.00615617 0.00100000 0.00230862 0.00743336 0.00637058 0.00100000 0.00678862 0.00391346 0.00817832 0.00172304 0.00372789 0.00100000 0.00434711 0.00900000 0.00139576 0.00900000 0.00900000 0.00286839 0.00900000 0.00749115 0.00234516 0.00772251 0.00100000 0.00534737 0.00473980 0.00397372 0.00100000 0.00321618 0.00137716 0.00868751 0.00312871 0.00100000 0.00100000 0.00398486 0.00736882 0.00645610
0.00900000 0.00862540 0.00412371 0.00577568 0.00184937 0.00728498 0.00699593 0.00317434 0.00100000 0.00652865 0.00742506 0.00100000 0.00100000 0.00100000 0.00662385 0.00100000 0.00316083 0.00672120 0.00900000 0.00417571 0.00140508 0.00632221 0.00884653 0.00100000 0.00606776 0.00215428 0.00272475 0.00900000 0.00552772 0.00378077 0.00600085 0.00343798 0.00627024 0.00100000 0.00172138 0.00407348 0.00900000 0.00100000 0.00412649 0.00900000 0.00821281 0.00788132 0.00100000 0.00568552 0.00900000 0.00428293 0.00900000 0.00214081
0.00100000 0.00100000 0.00232657 0.00412146 0.00100000 0.00900000 0.00900000 0.00433679 0.00404502 0.00270690 0.00317730 0.00115857 0.00194615 0.00900000 0.00100000 0.00388633 0.00554998 0.00100000 0.00760354 0.00232077 0.00789619 0.00800137 0.00100000 0.00241871 0.00258286 0.00169796 0.00152112 0.00523963 0.00167805 0.00418669 0.00100000 0.00730331 0.00663654 0.00671927 0.00545898 0.00435142 0.00240716 0.00546503 0.00252328 0.00900000 0.00900000 0.00874488 0.00606031 0.00823576 0.00100000 0.00100000 0.00796101 0.00100000
0.00100000 0.00580047 0.00397690 0.00900000 0.00100000 0.00239926 0.00900000 0.00228734 0.00100000 0.00211376 0.00789411 0.00900000 0.00721754 0.00100000 0.00650483 0.00900000 0.00803715 0.00900000 0.00100000 0.00900000 0.00100000 0.00289437 0.00333812 0.00687815 0.00525318 0.00100000 0.00637036 0.00353651 0.00900000 0.00717535 0.00100000 0.00900000 0.00364384 0.00524002 0.00668798 0.00780326 0.00181565 0.00100000 0.00631871 0.00709974 0.00350699 0.00100000 0.00425567 0.00323823 0.00625738 0.00499177 0.00699792 0.00194646
0.00429584 0.00100000 0.00900000 0.00100000 0.00900000 0.00100000 0.00124493 0.00100000 0.00694061 0.00525589 0.00900000 0.00900000 0.00339591 0.00786416 0.00246178 0.00634349 0.00157561 0.00900000 0.00189126 0.00734093 0.00539912 0.00354365 0.00100000 0.00396833 0.00682299 0.00100000 0.00631953 0.00544339 0.00635375 0.00900000 0.00358174 0.00900000 0.00103389 0.00786996 0.00146185 0.00592753 0.00635256 0.00777212 0.00398179 0.00486498 0.00280387 0.00900000 0.00174653 0.00483539 0.00478907 0.00100000 0.00100000 0.00250617
0.00510870 0.00201442 0.00547967 0.00100000 0.00745196 0.00549313 0.00139962 0.00900000 0.00100000 0.00683675 0.00900000 0.00287541 0.00100000 0.00360572 0.00900000 0.00391064 0.00188239 0.00323059 0.00348455 0.00563393 0.00583745 0.00100000 0.00100000 0.00900000 0.00100000 0.00100000 0.00277531 0.00258709 0.00227143 0.00100000 0.00100000 0.00555820 0.00100000 0.00134408 0.00100000 0.00100000 0.00100000 0.00613452 0.00100000 0.00115803 0.00673034 0.00638509 0.00100000 0.00900000 0.00230421 0.00412193 0.00356831 0.00335903
0.00900000 0.00502760 0.00873526 0.00100000 0.00598873 0.00100000 0.00100000 0.00100000 0.00385399 0.00100000 0.00616319 0.00100000 0.00100000 0.00100000 0.00251177 0.00559523 0.00100000 0.00288554 0.00757355 0.00100000 0.00154975 0.00100000 0.00100000 0.00210531 0.00204927 0.00204697 0.00100000 0.00100000 0.00100000 0.00100000 0.00100000 0.00108471 0.00226662 0.00187588 0.00810707 0.00637148 0.00100000 0.00143182 0.00100000 0.00539917 0.00485856 0.00280849 0.00100000 0.00384278 0.00100000 0.00495528 0.00100000 0.00107708
0.00113585 0.00100000 0.00100000 0.00100000 0.00100000 0.00660005 0.00100000 0.00472730 0.00290318 0.00100000 0.00567208 0.00496762 0.00100000 0.00100000 0.00100000 0.00100000 0.00158944 0.00100000 0.00104961 0.00100000 0.00100000 0.00393786 0.00900000 0.00100000 0.00501228 0.00100000 0.00100000 0.00100000 0.00100000 0.00203448 0.00740910 0.00128382 0.00100000 0.00456510 0.00225817 0.00321288 0.00900000 0.00100000 0.00100000 0.00100000 0.00787265 0.00139271 0.00207998 0.00100000 0.00719221 0.00409922 0.00638089 0.00162848
0.00100000 0.00520503 0.00516295 0.00584029 0.00339007 0.00258726 0.00519921 0.00100000 0.00100000 0.00531160 0.00100000 0.00100000 0.00341115 0.00100000 0.00734668 0.00100000 0.00100000 0.00100000 0.00100000 0.00682441 0.00161577 0.00100000 0.00100000 0.00774115 0.00241971 0.00358774 0.00100000 0.00100000 0.00462464 0.00407855 0.00100000 0.00100000 0.00100000 0.00186406 0.00100000 0.00105128 0.00100000 0.00100000 0.00100000 0.00743510 0.00242057 0.00214277 0.00100000 0.00737574 0.00293239 0.00319073 0.00317892 0.00250977
0.00134764 0.00456167 0.00151923 0.00710471 0.00100000 0.00100000 0.00100000 0.00100000 0.00100000 0.00100000 0.00100000 0.00660887 0.00242472 0.00100000 0.00113081 0.00100000 0.00518542 0.00100000 0.00100000 0.00492291 0.00321878 0.00100000 0.00100000 0.00100000 0.00100000 0.00100000 0.00616142 0.00100000 0.00729672 0.00297618 0.00100000 0.00100000 0.00100000 0.00532809 0.00685368 0.00100000 0.00100000 0.00100000 0.00900000 0.00169172 0.00588046 0.00100000 0.00100000 0.00100000 0.00100000 0.00130789 0.00100000 0.00100000
0.00100000 0.00100000 0.00386911 0.00100000 0.00100000 0.00100000 0.00212554 0.00100000 0.00103209 0.00100000 0.00100000 0.00230422 0.00799800 0.00520309 0.00100000 0.00100000 0.00208160 0.00100000 0.00100000 0.00327687 0.00100000 0.00100000 0.00100000 0.00558150 0.00100000 0.00557386 0.00100000 0.00100000 0.00100000 0.00100000 0.00100000 0.00100000 0.00100000 0.00100000 0.00100000 0.00100000 0.00100000 0.00100000 0.00100000 0.00472067 0.00196086 0.00100000 0.00655244 0.00100000 0.00100000 0.00355823 0.00100000 0.00250057
