0.00596111 0.00399831 0.00770998 0.00900000 0.00100000 0.00100000 0.00766356 0.00646031 0.00604856 0.00900000 0.00900000 0.00711755 0.00564213 0.00100000 0.00140864 0.00100000 0.00162736 0.00900000 0.00544249 0.00388685 0.00173405 0.00739798 0.00515163 0.00900000 0.00521797 0.00900000 0.00900000 0.00134983 0.00900000 0.00100000 0.00150068 0.00329049 0.00876481 0.00175819 0.00635656 0.00526059 0.00747443 0.00639522 0.00126675 0.00900000 0.00819862 0.00895859 0.00776897 0.00802657 0.00761241 0.00100000 0.00115687 0.00152263
0.00900000 0.00645745 0.00900000 0.00653733 0.00810258 0.00695928 0.00100000 0.00344281 0.00712235 0.00360638 0.00767857 0.00812614 0.00900000 0.00116083 0.00536886 0.00565768 0.00226893 0.00716719 0.00900000 0.00100000 0.00100000 0.00209562 0.00100000 0.00861827 0.00331113 0.00712481 0.00873175 0.00785547 0.00100000 0.00445825 0.00499534 0.00672881 0.00867293 0.00728198 0.00100000 0.00636614 0.00359267 0.00900000 0.00100000 0.00519875 0.00791813 0.00778297 0.00763897 0.00122935 0.00763063 0.00100000 0.00197665 0.00100000
0.00100000 0.00100000 0.00624671 0.00472189 0.00362789 0.00900000 0.00534701 0.00132790 0.00567035 0.00660341 0.00470287 0.00881887 0.00322025 0.00835423 0.00538905 0.00752013 0.00793609 0.00872313 0.00307451 0.00556879 0.00814661 0.00410446 0.00900000 0.00749495 0.00392407 0.00856793 0.00865360 0.00100000 0.00100000 0.00900000 0.00629023 0.00489094 0.00380283 0.00900000 0.00386582 0.00779463 0.00452267 0.00345954 0.00598772 0.00770651 0.00227961 0.00900000 0.00100000 0.00716491 0.00100000 0.00649530 0.00461092 0.00251305
0.00100000 0.00100000 0.00624671 0.00472189 0.00362789 0.00900000 0.00534701 0.00132790 0.00567035 0.00660341 0.00470287 0.00881887 0.00322025 0.00835423 0.00538905 0.00752013 0.00793609 0.00872313 0.00307451 0.00556879 0.00814661 0.00410446 0.00900000 0.00749495 0.00392407 0.00856793 0.00865360 0.00100000 0.00100000 0.00900000 0.00629023 0.00489094 0.00380283 0.00900000 0.00386582 0.00779463 0.00452267 0.00345954 0.00598772 0.00770651 0.00227961 0.00900000 0.00100000 0.00716491 0.00100000 0.00649530 0.00461092 0.00251305
0.00100000 0.00100000 0.00219147 0.00438163 0.00231366 0.00875883 0.00774244 0.00733761 0.00100000 0.00900000 0.00501157 0.00435027 0.00514173 0.00681178 0.00175891 0.00804839 0.00249038 0.00900000 0.00900000 0.00590675 0.00731640 0.00624745 0.00127300 0.00900000 0.00486902 0.00429632 0.00900000 0.00900000 0.00294660 0.00900000 0.00717380 0.00368762 0.00531382 0.00201639 0.00900000 0.00182497 0.00900000 0.00774603 0.00138282 0.00759392 0.00747843 0.00766635 0.00689503 0.00603084 0.00828756 0.00798837 0.00855619 0.00846805
0.00100000 0.00100000 0.00219199 0.00438038 0.00231458 0.00875908 0.00774146 0.00733749 0.00100000 0.00900000 0.00501513 0.00435116 0.00514219 0.00681117 0.00176158 0.00804832 0.00249012 0.00900000 0.00900000 0.00590595 0.00731613 0.00624667 0.00127257 0.00900000 0.00486916 0.00429659 0.00900000 0.00900000 0.00294686 0.00900000 0.00717258 0.00368693 0.00531359 0.00201506 0.00900000 0.00182421 0.00900000 0.00774528 0.00138187 0.00759463 0.00747732 0.00766749 0.00689396 0.00603070 0.00828650 0.00798846 0.00855593 0.00846808
0.00100000 0.00100000 0.00219199 0.00438038 0.00231458 0.00875908 0.00774146 0.00733749 0.00100000 0.00900000 0.00501513 0.00435116 0.00514219 0.00681117 0.00176158 0.00804832 0.00249012 0.00900000 0.00900000 0.00590595 0.00731613 0.00624667 0.00127257 0.00900000 0.00486916 0.00429659 0.00900000 0.00900000 0.00294686 0.00900000 0.00717258 0.00368693 0.00531359 0.00201506 0.00900000 0.00182421 0.00900000 0.00774528 0.00138187 0.00759463 0.00747732 0.00766749 0.00689396 0.00603070 0.00828650 0.00798846 0.00855593 0.00846808
0.00900000 0.00645650 0.00900000 0.00653609 0.00810343 0.00695958 0.00100000 0.00344270 0.00712053 0.00360808 0.00768216 0.00812703 0.00900000 0.00116025 0.00537150 0.00565763 0.00226865 0.00716578 0.00900000 0.00100000 0.00100000 0.00209487 0.00100000 0.00861934 0.00331128 0.00712506 0.00873235 0.00785524 0.00100000 0.00445970 0.00499416 0.00672816 0.00867272 0.00728063 0.00100000 0.00636540 0.00359207 0.00900000 0.00100000 0.00519944 0.00791700 0.00778414 0.00763789 0.00122921 0.00762956 0.00100000 0.00197640 0.00100000
0.00100000 0.00100000 0.00624723 0.00472064 0.00362878 0.00900000 0.00534605 0.00132777 0.00566857 0.00660508 0.00470642 0.00881977 0.00322072 0.00835363 0.00539171 0.00752007 0.00793582 0.00872170 0.00307831 0.00556803 0.00814637 0.00410368 0.00900000 0.00749603 0.00392420 0.00856817 0.00865419 0.00100000 0.00100000 0.00900000 0.00628905 0.00489028 0.00380259 0.00900000 0.00386645 0.00779389 0.00452204 0.00345882 0.00598677 0.00770719 0.00227844 0.00900000 0.00100000 0.00716476 0.00100000 0.00649540 0.00461067 0.00251303
0.00100000 0.00100000 0.00219199 0.00438038 0.00231458 0.00875908 0.00774146 0.00733749 0.00100000 0.00900000 0.00501513 0.00435116 0.00514219 0.00681117 0.00176158 0.00804832 0.00249012 0.00900000 0.00900000 0.00590595 0.00731613 0.00624667 0.00127257 0.00900000 0.00486916 0.00429659 0.00900000 0.00900000 0.00294686 0.00900000 0.00717258 0.00368693 0.00531359 0.00201506 0.00900000 0.00182421 0.00900000 0.00774528 0.00138187 0.00759463 0.00747732 0.00766749 0.00689396 0.00603070 0.00828650 0.00798846 0.00855593 0.00846808
0.00900000 0.00645650 0.00900000 0.00653609 0.00810343 0.00695958 0.00100000 0.00344270 0.00712053 0.00360808 0.00768216 0.00812703 0.00900000 0.00116025 0.00537150 0.00565763 0.00226865 0.00716578 0.00900000 0.00100000 0.00100000 0.00209487 0.00100000 0.00861934 0.00331128 0.00712506 0.00873235 0.00785524 0.00100000 0.00445970 0.00499416 0.00672816 0.00867272 0.00728063 0.00100000 0.00636540 0.00359207 0.00900000 0.00100000 0.00519944 0.00791700 0.00778414 0.00763789 0.00122921 0.00762956 0.00100000 0.00197640 0.00100000
0.00100000 0.00100000 0.00624723 0.00472064 0.00362878 0.00900000 0.00534605 0.00132777 0.00566857 0.00660508 0.00470642 0.00881977 0.00322072 0.00835363 0.00539171 0.00752007 0.00793582 0.00872170 0.00307831 0.00556803 0.00814637 0.00410368 0.00900000 0.00749603 0.00392420 0.00856817 0.00865419 0.00100000 0.00100000 0.00900000 0.00628905 0.00489028 0.00380259 0.00900000 0.00386645 0.00779389 0.00452204 0.00345882 0.00598677 0.00770719 0.00227844 0.00900000 0.00100000 0.00716476 0.00100000 0.00649540 0.00461067 0.00251303
0.00358565 0.00640471 0.00577434 0.00742771 0.00647062 0.00584752 0.00516486 0.00100000 0.00627055 0.00100000 0.00641470 0.00100000 0.00754912 0.00777068 0.00811582 0.00749672 0.00156787 0.00500825 0.00100000 0.00660379 0.00682898 0.00113026 0.00466296 0.00100000 0.00259490 0.00182873 0.00900000 0.00900000 0.00100000 0.00892597 0.00900000 0.00484323 0.00100000 0.00100000 0.00365681 0.00495939 0.00100000 0.00900000 0.00634548 0.00283686 0.00150847 0.00828480 0.00421637 0.00403179 0.00900000 0.00337294 0.00508897 0.00900000
0.00358565 0.00640471 0.00577434 0.00742771 0.00647062 0.00584752 0.00516486 0.00100000 0.00627055 0.00100000 0.00641470 0.00100000 0.00754912 0.00777068 0.00811582 0.00749672 0.00156787 0.00500825 0.00100000 0.00660379 0.00682898 0.00113026 0.00466296 0.00100000 0.00259490 0.00182873 0.00900000 0.00900000 0.00100000 0.00892597 0.00900000 0.00484323 0.00100000 0.00100000 0.00365681 0.00495939 0.00100000 0.00900000 0.00634548 0.00283686 0.00150847 0.00828480 0.00421637 0.00403179 0.00900000 0.00337294 0.00508897 0.00900000
0.00900000 0.00900000 0.00878997 0.00900000 0.00182003 0.00680577 0.00174557 0.00900000 0.00407430 0.00472227 0.00592529 0.00798307 0.00393097 0.00900000 0.00587288 0.00711832 0.00832122 0.00376401 0.00100000 0.00100000 0.00324040 0.00504763 0.00514513 0.00100000 0.00642807 0.00728773 0.00900000 0.00900000 0.00399364 0.00495625 0.00248136 0.00100000 0.00533021 0.00883928 0.00291371 0.00900000 0.00100000 0.00429438 0.00858988 0.00100000 0.00900000 0.00686868 0.00829576 0.00509059 0.00100000 0.00345399 0.00418131 0.00900000
0.00100000 0.00100000 0.00624723 0.00472064 0.00362878 0.00900000 0.00534605 0.00132777 0.00566857 0.00660508 0.00470642 0.00881977 0.00322072 0.00835363 0.00539171 0.00752007 0.00793582 0.00872170 0.00307831 0.00556803 0.00814637 0.00410368 0.00900000 0.00749603 0.00392420 0.00856817 0.00865419 0.00100000 0.00100000 0.00900000 0.00628905 0.00489028 0.00380259 0.00900000 0.00386645 0.00779389 0.00452204 0.00345882 0.00598677 0.00770719 0.00227844 0.00900000 0.00100000 0.00716476 0.00100000 0.00649540 0.00461067 0.00251303
0.00900000 0.00645650 0.00900000 0.00653609 0.00810343 0.00695958 0.00100000 0.00344270 0.00712053 0.00360808 0.00768216 0.00812703 0.00900000 0.00116025 0.00537150 0.00565763 0.00226865 0.00716578 0.00900000 0.00100000 0.00100000 0.00209487 0.00100000 0.00861934 0.00331128 0.00712506 0.00873235 0.00785524 0.00100000 0.00445970 0.00499416 0.00672816 0.00867272 0.00728063 0.00100000 0.00636540 0.00359207 0.00900000 0.00100000 0.00519944 0.00791700 0.00778414 0.00763789 0.00122921 0.00762956 0.00100000 0.00197640 0.00100000
0.00900000 0.00645650 0.00900000 0.00653609 0.00810343 0.00695958 0.00100000 0.00344270 0.00712053 0.00360808 0.00768216 0.00812703 0.00900000 0.00116025 0.00537150 0.00565763 0.00226865 0.00716578 0.00900000 0.00100000 0.00100000 0.00209487 0.00100000 0.00861934 0.00331128 0.00712506 0.00873235 0.00785524 0.00100000 0.00445970 0.00499416 0.00672816 0.00867272 0.00728063 0.00100000 0.00636540 0.00359207 0.00900000 0.00100000 0.00519944 0.00791700 0.00778414 0.00763789 0.00122921 0.00762956 0.00100000 0.00197640 0.00100000
0.00900000 0.00645650 0.00900000 0.00653609 0.00810343 0.00695958 0.00100000 0.00344270 0.00712053 0.00360808 0.00768216 0.00812703 0.00900000 0.00116025 0.00537150 0.00565763 0.00226865 0.00716578 0.00900000 0.00100000 0.00100000 0.00209487 0.00100000 0.00861934 0.00331128 0.00712506 0.00873235 0.00785524 0.00100000 0.00445970 0.00499416 0.00672816 0.00867272 0.00728063 0.00100000 0.00636540 0.00359207 0.00900000 0.00100000 0.00519944 0.00791700 0.00778414 0.00763789 0.00122921 0.00762956 0.00100000 0.00197640 0.00100000
0.00878241 0.00690258 0.00693172 0.00100000 0.00822777 0.00100000 0.00667200 0.00259260 0.00398575 0.00407627 0.00452377 0.00740011 0.00900000 0.00769801 0.00466851 0.00900000 0.00811604 0.00800307 0.00577611 0.00377334 0.00329285 0.00152072 0.00658784 0.00153257 0.00290237 0.00100000 0.00257216 0.00100000 0.00100000 0.00900000 0.00509464 0.00357482 0.00532640 0.00152514 0.00344520 0.00100000 0.00325516 0.00100000 0.00807367 0.00481319 0.00327622 0.00100000 0.00900000 0.00616197 0.00900000 0.00207880 0.00713627 0.00497817
0.00878241 0.00690258 0.00693172 0.00100000 0.00822777 0.00100000 0.00667200 0.00259260 0.00398575 0.00407627 0.00452377 0.00740011 0.00900000 0.00769801 0.00466851 0.00900000 0.00811604 0.00800307 0.00577611 0.00377334 0.00329285 0.00152072 0.00658784 0.00153257 0.00290237 0.00100000 0.00257216 0.00100000 0.00100000 0.00900000 0.00509464 0.00357482 0.00532640 0.00152514 0.00344520 0.00100000 0.00325516 0.00100000 0.00807367 0.00481319 0.00327622 0.00100000 0.00900000 0.00616197 0.00900000 0.00207880 0.00713627 0.00497817
0.00878241 0.00690258 0.00693172 0.00100000 0.00822777 0.00100000 0.00667200 0.00259260 0.00398575 0.00407627 0.00452377 0.00740011 0.00900000 0.00769801 0.00466851 0.00900000 0.00811604 0.00800307 0.00577611 0.00377334 0.00329285 0.00152072 0.00658784 0.00153257 0.00290237 0.00100000 0.00257216 0.00100000 0.00100000 0.00900000 0.00509464 0.00357482 0.00532640 0.00152514 0.00344520 0.00100000 0.00325516 0.00100000 0.00807367 0.00481319 0.00327622 0.00100000 0.00900000 0.00616197 0.00900000 0.00207880 0.00713627 0.00497817
0.00878241 0.00690258 0.00693172 0.00100000 0.00822777 0.00100000 0.00667200 0.00259260 0.00398575 0.00407627 0.00452377 0.00740011 0.00900000 0.00769801 0.00466851 0.00900000 0.00811604 0.00800307 0.00577611 0.00377334 0.00329285 0.00152072 0.00658784 0.00153257 0.00290237 0.00100000 0.00257216 0.00100000 0.00100000 0.00900000 0.00509464 0.00357482 0.00532640 0.00152514 0.00344520 0.00100000 0.00325516 0.00100000 0.00807367 0.00481319 0.00327622 0.00100000 0.00900000 0.00616197 0.00900000 0.00207880 0.00713627 0.00497817
0.00878241 0.00690258 0.00693172 0.00100000 0.00822777 0.00100000 0.00667200 0.00259260 0.00398575 0.00407627 0.00452377 0.00740011 0.00900000 0.00769801 0.00466851 0.00900000 0.00811604 0.00800307 0.00577611 0.00377334 0.00329285 0.00152072 0.00658784 0.00153257 0.00290237 0.00100000 0.00257216 0.00100000 0.00100000 0.00900000 0.00509464 0.00357482 0.00532640 0.00152514 0.00344520 0.00100000 0.00325516 0.00100000 0.00807367 0.00481319 0.00327622 0.00100000 0.00900000 0.00616197 0.00900000 0.00207880 0.00713627 0.00497817
