0.00814681 0.00872996 0.00256132 0.00221113 0.00383523 0.00612452 0.00751904 0.00900000 0.00189053 0.00645099 0.00717587 0.00100000 0.00100000 0.00783638 0.00900000 0.00853752 0.00106886 0.00448150 0.00278689 0.00831012 0.00199826 0.00470147 0.00421088 0.00589293 0.00347418 0.00100000 0.00100000 0.00645913 0.00100000 0.00181771 0.00106702 0.00452236 0.00855411 0.00317995 0.00419981 0.00900000 0.00350833 0.00131577 0.00356489 0.00100000 0.00889705 0.00597577 0.00423852 0.00100000 0.00193395 0.00201004 0.00900000 0.00100000
0.00100000 0.00100000 0.00219232 0.00438262 0.00231551 0.00875789 0.00774219 0.00733630 0.00100000 0.00900000 0.00501077 0.00435069 0.00514330 0.00681025 0.00175852 0.00804856 0.00249100 0.00900000 0.00900000 0.00590786 0.00731709 0.00624919 0.00127162 0.00900000 0.00486841 0.00429570 0.00900000 0.00900000 0.00294489 0.00900000 0.00717335 0.00368627 0.00531505 0.00201645 0.00900000 0.00182554 0.00900000 0.00774676 0.00138192 0.00759451 0.00747753 0.00766713 0.00689603 0.00603144 0.00828739 0.00798718 0.00855678 0.00846772
0.00358478 0.00640375 0.00577466 0.00742995 0.00647155 0.00584631 0.00516560 0.00100000 0.00627156 0.00100000 0.00641034 0.00100000 0.00755021 0.00776975 0.00811276 0.00749694 0.00156877 0.00500556 0.00100000 0.00660570 0.00682992 0.00113277 0.00466202 0.00100000 0.00259416 0.00182785 0.00900000 0.00900000 0.00100000 0.00892560 0.00900000 0.00484254 0.00100000 0.00100000 0.00365665 0.00496071 0.00100000 0.00900000 0.00634554 0.00283677 0.00150871 0.00828442 0.00421844 0.00403256 0.00900000 0.00337167 0.00508979 0.00900000
0.00358478 0.00640375 0.00577466 0.00742995 0.00647155 0.00584631 0.00516560 0.00100000 0.00627156 0.00100000 0.00641034 0.00100000 0.00755021 0.00776975 0.00811276 0.00749694 0.00156877 0.00500556 0.00100000 0.00660570 0.00682992 0.00113277 0.00466202 0.00100000 0.00259416 0.00182785 0.00900000 0.00900000 0.00100000 0.00892560 0.00900000 0.00484254 0.00100000 0.00100000 0.00365665 0.00496071 0.00100000 0.00900000 0.00634554 0.00283677 0.00150871 0.00828442 0.00421844 0.00403256 0.00900000 0.00337167 0.00508979 0.00900000
0.00505382 0.00569167 0.00518185 0.00522474 0.00900000 0.00100000 0.00373960 0.00715439 0.00487074 0.00447714 0.00492493 0.00237699 0.00398655 0.00175489 0.00776589 0.00559392 0.00752163 0.00263671 0.00315536 0.00100000 0.00144753 0.00417690 0.00128593 0.00303420 0.00397409 0.00706301 0.00783909 0.00692172 0.00900000 0.00655037 0.00221846 0.00203731 0.00100000 0.00522463 0.00527228 0.00318753 0.00664164 0.00487326 0.00900000 0.00656708 0.00743562 0.00100000 0.00741188 0.00819046 0.00900000 0.00728963 0.00100000 0.00900000
0.00505344 0.00569359 0.00518100 0.00522375 0.00900000 0.00100000 0.00373985 0.00715570 0.00487150 0.00447597 0.00492572 0.00237657 0.00398498 0.00175642 0.00776629 0.00559376 0.00752102 0.00264081 0.00315483 0.00100000 0.00144684 0.00417516 0.00128731 0.00303370 0.00397470 0.00706364 0.00783801 0.00692299 0.00900000 0.00654929 0.00221891 0.00203866 0.00100000 0.00522458 0.00527184 0.00318696 0.00664244 0.00487253 0.00900000 0.00656650 0.00743652 0.00100000 0.00741089 0.00818986 0.00900000 0.00729082 0.00100000 0.00900000
0.00505344 0.00569359 0.00518100 0.00522375 0.00900000 0.00100000 0.00373985 0.00715570 0.00487150 0.00447597 0.00492572 0.00237657 0.00398498 0.00175642 0.00776629 0.00559376 0.00752102 0.00264081 0.00315483 0.00100000 0.00144684 0.00417516 0.00128731 0.00303370 0.00397470 0.00706364 0.00783801 0.00692299 0.00900000 0.00654929 0.00221891 0.00203866 0.00100000 0.00522458 0.00527184 0.00318696 0.00664244 0.00487253 0.00900000 0.00656650 0.00743652 0.00100000 0.00741089 0.00818986 0.00900000 0.00729082 0.00100000 0.00900000
0.00100000 0.00100000 0.00219147 0.00438163 0.00231366 0.00875883 0.00774244 0.00733761 0.00100000 0.00900000 0.00501157 0.00435027 0.00514173 0.00681178 0.00175891 0.00804839 0.00249038 0.00900000 0.00900000 0.00590675 0.00731640 0.00624745 0.00127300 0.00900000 0.00486902 0.00429632 0.00900000 0.00900000 0.00294660 0.00900000 0.00717380 0.00368762 0.00531382 0.00201639 0.00900000 0.00182497 0.00900000 0.00774603 0.00138282 0.00759392 0.00747843 0.00766635 0.00689503 0.00603084 0.00828756 0.00798837 0.00855619 0.00846805
0.00358439 0.00640567 0.00577382 0.00742896 0.00646971 0.00584725 0.00516585 0.00100000 0.00627232 0.00100000 0.00641114 0.00100000 0.00754864 0.00777129 0.00811316 0.00749678 0.00156815 0.00500967 0.00100000 0.00660459 0.00682924 0.00113103 0.00466340 0.00100000 0.00259477 0.00182847 0.00900000 0.00900000 0.00100000 0.00892452 0.00900000 0.00484389 0.00100000 0.00100000 0.00365621 0.00496014 0.00100000 0.00900000 0.00634644 0.00283619 0.00150960 0.00828364 0.00421744 0.00403196 0.00900000 0.00337285 0.00508920 0.00900000
0.00505344 0.00569359 0.00518100 0.00522375 0.00900000 0.00100000 0.00373985 0.00715570 0.00487150 0.00447597 0.00492572 0.00237657 0.00398498 0.00175642 0.00776629 0.00559376 0.00752102 0.00264081 0.00315483 0.00100000 0.00144684 0.00417516 0.00128731 0.00303370 0.00397470 0.00706364 0.00783801 0.00692299 0.00900000 0.00654929 0.00221891 0.00203866 0.00100000 0.00522458 0.00527184 0.00318696 0.00664244 0.00487253 0.00900000 0.00656650 0.00743652 0.00100000 0.00741089 0.00818986 0.00900000 0.00729082 0.00100000 0.00900000
