0.00000000 0.00000000 0.00000000 0.00000000 0.00000000 0.00000000 0.00000000 0.00000000 0.00000000 0.00000000 0.00000000 0.00000000 0.00000000 0.00000000 0.00000000 0.00000000 0.00000000 0.00000000 0.00000000 0.00000000 0.00000000 0.00000000 0.00000000 0.00000000 0.00000000 0.00000000 0.00000000 0.00000000 0.00000000 0.00000000 0.00000000 0.00000000 0.00000000 0.00000000 0.00000000 0.00000000 0.00000000 0.00000000 0.00000000 0.00000000 0.00000000 0.00000000 0.00000000 0.00000000 0.00000000 0.00000000 0.00000000 0.00000000
0.00000000 0.00000000 0.00000000 0.00000000 0.00000000 0.00000000 0.00000000 0.00000000 0.00000000 0.00000000 0.00000000 0.00000000 0.00000000 0.00000000 0.00000000 0.00000000 0.00000000 0.00000000 0.00000000 0.00000000 0.00000000 0.00000000 0.00000000 0.00000000 0.00000000 0.00000000 0.00000000 0.00000000 0.00000000 0.00000000 0.00000000 0.00000000 0.00000000 0.00000000 0.00000000 0.00000000 0.00000000 0.00000000 0.00000000 0.00000000 0.00000000 0.00000000 0.00000000 0.00000000 0.00000000 0.00000000 0.00000000 0.00000000
0.00348842 0.00100000 0.00124683 0.00743223 0.00392559 0.00717390 0.00211535 0.00537172 0.00566424 0.00676213 0.00535566 0.00466246 0.00100000 0.00100000 0.00657940 0.00700607 0.00516319 0.00900000 0.00806260 0.00504041 0.00548317 0.00858322 0.00488551 0.00250681 0.00620608 0.00583452 0.00100000 0.00733375 0.00118726 0.00728920 0.00459480 0.00751723 0.00394142 0.00179721 0.00900000 0.00100000 0.00651607 0.00100000 0.00671646 0.00243792 0.00695351 0.00753290 0.00617431 0.00556192 0.00308899 0.00186763 0.00653625 0.00100000
0.00000000 0.00000000 0.00000000 0.00000000 0.00000000 0.00000000 0.00000000 0.00000000 0.00000000 0.00000000 0.00000000 0.00000000 0.00000000 0.00000000 0.00000000 0.00000000 0.00000000 0.00000000 0.00000000 0.00000000 0.00000000 0.00000000 0.00000000 0.00000000 0.00000000 0.00000000 0.00000000 0.00000000 0.00000000 0.00000000 0.00000000 0.00000000 0.00000000 0.00000000 0.00000000 0.00000000 0.00000000 0.00000000 0.00000000 0.00000000 0.00000000 0.00000000 0.00000000 0.00000000 0.00000000 0.00000000 0.00000000 0.00000000
0.00100000 0.00451346 0.00500894 0.00100000 0.00900000 0.00900000 0.00900000 0.00131707 0.00100000 0.00796208 0.00173811 0.00827091 0.00900000 0.00359708 0.00900000 0.00900000 0.00224327 0.00100000 0.00447355 0.00356100 0.00450977 0.00373825 0.00467664 0.00900000 0.00447100 0.00444439 0.00210439 0.00468990 0.00126692 0.00447003 0.00640274 0.00900000 0.00100000 0.00288161 0.00497446 0.00100000 0.00732633 0.00173060 0.00529007 0.00290678 0.00324212 0.00900000 0.00592504 0.00529140 0.00729387 0.00900000 0.00142316 0.00861165
0.00000000 0.00000000 0.00000000 0.00000000 0.00000000 0.00000000 0.00000000 0.00000000 0.00000000 0.00000000 0.00000000 0.00000000 0.00000000 0.00000000 0.00000000 0.00000000 0.00000000 0.00000000 0.00000000 0.00000000 0.00000000 0.00000000 0.00000000 0.00000000 0.00000000 0.00000000 0.00000000 0.00000000 0.00000000 0.00000000 0.00000000 0.00000000 0.00000000 0.00000000 0.00000000 0.00000000 0.00000000 0.00000000 0.00000000 0.00000000 0.00000000 0.00000000 0.00000000 0.00000000 0.00000000 0.00000000 0.00000000 0.00000000
0.00497482 0.00523914 0.00900000 0.00100000 0.00900000 0.00515343 0.00100000 0.00283004 0.00100000 0.00107298 0.00168938 0.00171250 0.00476502 0.00100000 0.00164219 0.00406983 0.00102723 0.00425320 0.00709722 0.00900000 0.00596553 0.00811100 0.00100000 0.00254087 0.00100000 0.00900000 0.00678550 0.00900000 0.00585386 0.00235276 0.00158487 0.00137339 0.00100000 0.00342402 0.00614981 0.00100000 0.00395882 0.00170068 0.00880617 0.00100000 0.00900000 0.00326492 0.00189942 0.00364178 0.00493271 0.00100000 0.00666454 0.00657313
0.00000000 0.00000000 0.00000000 0.00000000 0.00000000 0.00000000 0.00000000 0.00000000 0.00000000 0.00000000 0.00000000 0.00000000 0.00000000 0.00000000 0.00000000 0.00000000 0.00000000 0.00000000 0.00000000 0.00000000 0.00000000 0.00000000 0.00000000 0.00000000 0.00000000 0.00000000 0.00000000 0.00000000 0.00000000 0.00000000 0.00000000 0.00000000 0.00000000 0.00000000 0.00000000 0.00000000 0.00000000 0.00000000 0.00000000 0.00000000 0.00000000 0.00000000 0.00000000 0.00000000 0.00000000 0.00000000 0.00000000 0.00000000
0.00900000 0.00330850 0.00100000 0.00623370 0.00662683 0.00517874 0.00900000 0.00112010 0.00100000 0.00100000 0.00521597 0.00223030 0.00326947 0.00344735 0.00100000 0.00546164 0.00655893 0.00768838 0.00900000 0.00204231 0.00717480 0.00581679 0.00122857 0.00507432 0.00686563 0.00492531 0.00378022 0.00735625 0.00238738 0.00900000 0.00580455 0.00100000 0.00900000 0.00900000 0.00474650 0.00900000 0.00629507 0.00384659 0.00100000 0.00588395 0.00215332 0.00100000 0.00797322 0.00900000 0.00635725 0.00108136 0.00100000 0.00300821
0.00000000 0.00000000 0.00000000 0.00000000 0.00000000 0.00000000 0.00000000 0.00000000 0.00000000 0.00000000 0.00000000 0.00000000 0.00000000 0.00000000 0.00000000 0.00000000 0.00000000 0.00000000 0.00000000 0.00000000 0.00000000 0.00000000 0.00000000 0.00000000 0.00000000 0.00000000 0.00000000 0.00000000 0.00000000 0.00000000 0.00000000 0.00000000 0.00000000 0.00000000 0.00000000 0.00000000 0.00000000 0.00000000 0.00000000 0.00000000 0.00000000 0.00000000 0.00000000 0.00000000 0.00000000 0.00000000 0.00000000 0.00000000
0.00167381 0.00854720 0.00632980 0.00655540 0.00697209 0.00900000 0.00772396 0.00100000 0.00124640 0.00900000 0.00309810 0.00152525 0.00144559 0.00877330 0.00900000 0.00100000 0.00821211 0.00418190 0.00487975 0.00900000 0.00451681 0.00577637 0.00431012 0.00325117 0.00100000 0.00395090 0.00822214 0.00829237 0.00900000 0.00900000 0.00679230 0.00900000 0.00337760 0.00683207 0.00704447 0.00779602 0.00100000 0.00900000 0.00719584 0.00900000 0.00100000 0.00900000 0.00546986 0.00100000 0.00537010 0.00325853 0.00900000 0.00100000
0.00000000 0.00000000 0.00000000 0.00000000 0.00000000 0.00000000 0.00000000 0.00000000 0.00000000 0.00000000 0.00000000 0.00000000 0.00000000 0.00000000 0.00000000 0.00000000 0.00000000 0.00000000 0.00000000 0.00000000 0.00000000 0.00000000 0.00000000 0.00000000 0.00000000 0.00000000 0.00000000 0.00000000 0.00000000 0.00000000 0.00000000 0.00000000 0.00000000 0.00000000 0.00000000 0.00000000 0.00000000 0.00000000 0.00000000 0.00000000 0.00000000 0.00000000 0.00000000 0.00000000 0.00000000 0.00000000 0.00000000 0.00000000
0.00858453 0.00449081 0.00498144 0.00542214 0.00638961 0.00555402 0.00100000 0.00698408 0.00165600 0.00900000 0.00819634 0.00843695 0.00693480 0.00466122 0.00819069 0.00273561 0.00431781 0.00231307 0.00100000 0.00121212 0.00653811 0.00100000 0.00448771 0.00107781 0.00501123 0.00538468 0.00497339 0.00819424 0.00667999 0.00365906 0.00442481 0.00100000 0.00735573 0.00176174 0.00779114 0.00768013 0.00100000 0.00246554 0.00680732 0.00900000 0.00100000 0.00588349 0.00462578 0.00762892 0.00100000 0.00100000 0.00849688 0.00900000
0.00825656 0.00100000 0.00766899 0.00100000 0.00441565 0.00100000 0.00185048 0.00116931 0.00254996 0.00511779 0.00900000 0.00236597 0.00274460 0.00100000 0.00900000 0.00100000 0.00467656 0.00212307 0.00100000 0.00443031 0.00220857 0.00900000 0.00470736 0.00100000 0.00100000 0.00119541 0.00100000 0.00100000 0.00568426 0.00358774 0.00845253 0.00100000 0.00489070 0.00571158 0.00621634 0.00421912 0.00337865 0.00833612 0.00704732 0.00727780 0.00100000 0.00100000 0.00773080 0.00170189 0.00467843 0.00348952 0.00900000 0.00900000
0.00700053 0.00114541 0.00900000 0.00718113 0.00900000 0.00242603 0.00738309 0.00504080 0.00178469 0.00373976 0.00100000 0.00900000 0.00550758 0.00267476 0.00528577 0.00100000 0.00315753 0.00617429 0.00900000 0.00633876 0.00100000 0.00100000 0.00590946 0.00612392 0.00214244 0.00100000 0.00165538 0.00258280 0.00900000 0.00900000 0.00100000 0.00712327 0.00661913 0.00711542 0.00146660 0.00900000 0.00100000 0.00645024 0.00100000 0.00357676 0.00217747 0.00900000 0.00213443 0.00441819 0.00279506 0.00414641 0.00707994 0.00100000
0.00000000 0.00000000 0.00000000 0.00000000 0.00000000 0.00000000 0.00000000 0.00000000 0.00000000 0.00000000 0.00000000 0.00000000 0.00000000 0.00000000 0.00000000 0.00000000 0.00000000 0.00000000 0.00000000 0.00000000 0.00000000 0.00000000 0.00000000 0.00000000 0.00000000 0.00000000 0.00000000 0.00000000 0.00000000 0.00000000 0.00000000 0.00000000 0.00000000 0.00000000 0.00000000 0.00000000 0.00000000 0.00000000 0.00000000 0.00000000 0.00000000 0.00000000 0.00000000 0.00000000 0.00000000 0.00000000 0.00000000 0.00000000
0.00383151 0.00900000 0.00311781 0.00100000 0.00470868 0.00900000 0.00370849 0.00363265 0.00100000 0.00126336 0.00900000 0.00128369 0.00478142 0.00140380 0.00100000 0.00900000 0.00665118 0.00655904 0.00669446 0.00521283 0.00100000 0.00537057 0.00762723 0.00620144 0.00684556 0.00229900 0.00397776 0.00362516 0.00849760 0.00185384 0.00669604 0.00224289 0.00100000 0.00100000 0.00900000 0.00133825 0.00100000 0.00215935 0.00144673 0.00238523 0.00100000 0.00450140 0.00448145 0.00603839 0.00389181 0.00900000 0.00900000 0.00100000
0.00279315 0.00323593 0.00796766 0.00100000 0.00640060 0.00900000 0.00900000 0.00416922 0.00794545 0.00220332 0.00100000 0.00659773 0.00701566 0.00717834 0.00539023 0.00285660 0.00591408 0.00321587 0.00576124 0.00765477 0.00616816 0.00900000 0.00710470 0.00737971 0.00679714 0.00124650 0.00624861 0.00715227 0.00269891 0.00100000 0.00794447 0.00200666 0.00634051 0.00813813 0.00541747 0.00364564 0.00644094 0.00900000 0.00900000 0.00555895 0.00411014 0.00294219 0.00536062 0.00327690 0.00298009 0.00419094 0.00191641 0.00637379
0.00393632 0.00900000 0.00122397 0.00100000 0.00545850 0.00596053 0.00827705 0.00231244 0.00900000 0.00320793 0.00900000 0.00100000 0.00606512 0.00340984 0.00122268 0.00100000 0.00449481 0.00900000 0.00376072 0.00429956 0.00403409 0.00100000 0.00100000 0.00775099 0.00900000 0.00391607 0.00100000 0.00411672 0.00900000 0.00100000 0.00100000 0.00900000 0.00457640 0.00100000 0.00900000 0.00272812 0.00100000 0.00900000 0.00117842 0.00100000 0.00678380 0.00358571 0.00900000 0.00408968 0.00100000 0.00218018 0.00100000 0.00779744
0.00000000 0.00000000 0.00000000 0.00000000 0.00000000 0.00000000 0.00000000 0.00000000 0.00000000 0.00000000 0.00000000 0.00000000 0.00000000 0.00000000 0.00000000 0.00000000 0.00000000 0.00000000 0.00000000 0.00000000 0.00000000 0.00000000 0.00000000 0.00000000 0.00000000 0.00000000 0.00000000 0.00000000 0.00000000 0.00000000 0.00000000 0.00000000 0.00000000 0.00000000 0.00000000 0.00000000 0.00000000 0.00000000 0.00000000 0.00000000 0.00000000 0.00000000 0.00000000 0.00000000 0.00000000 0.00000000 0.00000000 0.00000000
0.00161302 0.00520712 0.00900000 0.00395331 0.00100000 0.00900000 0.00851696 0.00296720 0.00425940 0.00329320 0.00732393 0.00100000 0.00653246 0.00706415 0.00886797 0.00900000 0.00709060 0.00880890 0.00656813 0.00123810 0.00301774 0.00790887 0.00896289 0.00900000 0.00836265 0.00900000 0.00249734 0.00824022 0.00493289 0.00738543 0.00266869 0.00258440 0.00647702 0.00900000 0.00764056 0.00184000 0.00811623 0.00900000 0.00100000 0.00517707 0.00567426 0.00713250 0.00669974 0.00876629 0.00467822 0.00691138 0.00321154 0.00100000
0.00100000 0.00525994 0.00199407 0.00900000 0.00900000 0.00100000 0.00336716 0.00100000 0.00100000 0.00258724 0.00237706 0.00562042 0.00100000 0.00369981 0.00754817 0.00900000 0.00900000 0.00900000 0.00886886 0.00801501 0.00737086 0.00100000 0.00305592 0.00900000 0.00705173 0.00182837 0.00619851 0.00900000 0.00226242 0.00268126 0.00869665 0.00900000 0.00731084 0.00113771 0.00900000 0.00418615 0.00344414 0.00437852 0.00628716 0.00100000 0.00769749 0.00100000 0.00358349 0.00758141 0.00900000 0.00272048 0.00900000 0.00597464
0.00100000 0.00813991 0.00738430 0.00393964 0.00128142 0.00346630 0.00481862 0.00504290 0.00565687 0.00338664 0.00438031 0.00289458 0.00709308 0.00771884 0.00100000 0.00494632 0.00225581 0.00279206 0.00100000 0.00730533 0.00530873 0.00100000 0.00492395 0.00100000 0.00238255 0.00689538 0.00358583 0.00900000 0.00437594 0.00700409 0.00352955 0.00144884 0.00603250 0.00100000 0.00900000 0.00464811 0.00100000 0.00319221 0.00150132 0.00100000 0.00429835 0.00474964 0.00459019 0.00100000 0.00100000 0.00653055 0.00522892 0.00636685
0.00000000 0.00000000 0.00000000 0.00000000 0.00000000 0.00000000 0.00000000 0.00000000 0.00000000 0.00000000 0.00000000 0.00000000 0.00000000 0.00000000 0.00000000 0.00000000 0.00000000 0.00000000 0.00000000 0.00000000 0.00000000 0.00000000 0.00000000 0.00000000 0.00000000 0.00000000 0.00000000 0.00000000 0.00000000 0.00000000 0.00000000 0.00000000 0.00000000 0.00000000 0.00000000 0.00000000 0.00000000 0.00000000 0.00000000 0.00000000 0.00000000 0.00000000 0.00000000 0.00000000 0.00000000 0.00000000 0.00000000 0.00000000
0.00604886 0.00810498 0.00100000 0.00845306 0.00100000 0.00436141 0.00176841 0.00900000 0.00146225 0.00262938 0.00900000 0.00900000 0.00270280 0.00100000 0.00900000 0.00797799 0.00429750 0.00900000 0.00900000 0.00587111 0.00100000 0.00514971 0.00818032 0.00610145 0.00214580 0.00555266 0.00253029 0.00100000 0.00555475 0.00731967 0.00847585 0.00100000 0.00232492 0.00207988 0.00632685 0.00142006 0.00100000 0.00100000 0.00900000 0.00900000 0.00245561 0.00887834 0.00371141 0.00900000 0.00900000 0.00370603 0.00578419 0.00623130
0.00900000 0.00893271 0.00732676 0.00220334 0.00388335 0.00719837 0.00100000 0.00541417 0.00900000 0.00409936 0.00100000 0.00765025 0.00100000 0.00718223 0.00197108 0.00900000 0.00900000 0.00269672 0.00900000 0.00401307 0.00894064 0.00900000 0.00717794 0.00464115 0.00532826 0.00659622 0.00780210 0.00365120 0.00177773 0.00100000 0.00900000 0.00408671 0.00420493 0.00749189 0.00695860 0.00100000 0.00591328 0.00100000 0.00491860 0.00900000 0.00327501 0.00245885 0.00841109 0.00222559 0.00552845 0.00773710 0.00573773 0.00671566
0.00563019 0.00312338 0.00100000 0.00900000 0.00551200 0.00201900 0.00100000 0.00900000 0.00583009 0.00439774 0.00501985 0.00489736 0.00189039 0.00900000 0.00878929 0.00134050 0.00701139 0.00225428 0.00589090 0.00452671 0.00100000 0.00226483 0.00792512 0.00574926 0.00335984 0.00100000 0.00100000 0.00195466 0.00581722 0.00226273 0.00100000 0.00439916 0.00172080 0.00307949 0.00500308 0.00543156 0.00100000 0.00100000 0.00669350 0.00100000 0.00100000 0.00294429 0.00407009 0.00832706 0.00900000 0.00217135 0.00439178 0.00798975
0.00000000 0.00000000 0.00000000 0.00000000 0.00000000 0.00000000 0.00000000 0.00000000 0.00000000 0.00000000 0.00000000 0.00000000 0.00000000 0.00000000 0.00000000 0.00000000 0.00000000 0.00000000 0.00000000 0.00000000 0.00000000 0.00000000 0.00000000 0.00000000 0.00000000 0.00000000 0.00000000 0.00000000 0.00000000 0.00000000 0.00000000 0.00000000 0.00000000 0.00000000 0.00000000 0.00000000 0.00000000 0.00000000 0.00000000 0.00000000 0.00000000 0.00000000 0.00000000 0.00000000 0.00000000 0.00000000 0.00000000 0.00000000
0.00776666 0.00814888 0.00610189 0.00900000 0.00100000 0.00356825 0.00818125 0.00512999 0.00220519 0.00900000 0.00133318 0.00344270 0.00100000 0.00900000 0.00462795 0.00310285 0.00100000 0.00401338 0.00209088 0.00100000 0.00344477 0.00697018 0.00619305 0.00315370 0.00771499 0.00255862 0.00307051 0.00297988 0.00418657 0.00798532 0.00373801 0.00616827 0.00669441 0.00382659 0.00900000 0.00769719 0.00438622 0.00285163 0.00541519 0.00100000 0.00900000 0.00447201 0.00100000 0.00900000 0.00100000 0.00100000 0.00900000 0.00766383
0.00484759 0.00366966 0.00527093 0.00100000 0.00513479 0.00758099 0.00723195 0.00590208 0.00100000 0.00278781 0.00308493 0.00368320 0.00349778 0.00229755 0.00795644 0.00900000 0.00559515 0.00372384 0.00728622 0.00836268 0.00900000 0.00187621 0.00900000 0.00623541 0.00100000 0.00562088 0.00290455 0.00499770 0.00760608 0.00889834 0.00148832 0.00900000 0.00899871 0.00200858 0.00100000 0.00444673 0.00188519 0.00100000 0.00171140 0.00463542 0.00900000 0.00341231 0.00217832 0.00442124 0.00646743 0.00100768 0.00900000 0.00579783
0.00663901 0.00900000 0.00410048 0.00550130 0.00100000 0.00136218 0.00621151 0.00485659 0.00782600 0.00665863 0.00900000 0.00900000 0.00617001 0.00100000 0.00608465 0.00540417 0.00698846 0.00610378 0.00584749 0.00100000 0.00200439 0.00322558 0.00860715 0.00553345 0.00724206 0.00827495 0.00900000 0.00216058 0.00100000 0.00100000 0.00900000 0.00537334 0.00549257 0.00651152 0.00454215 0.00100000 0.00184511 0.00180728 0.00173811 0.00526730 0.00161001 0.00286117 0.00858537 0.00841858 0.00633081 0.00900000 0.00147153 0.00100000
0.00000000 0.00000000 0.00000000 0.00000000 0.00000000 0.00000000 0.00000000 0.00000000 0.00000000 0.00000000 0.00000000 0.00000000 0.00000000 0.00000000 0.00000000 0.00000000 0.00000000 0.00000000 0.00000000 0.00000000 0.00000000 0.00000000 0.00000000 0.00000000 0.00000000 0.00000000 0.00000000 0.00000000 0.00000000 0.00000000 0.00000000 0.00000000 0.00000000 0.00000000 0.00000000 0.00000000 0.00000000 0.00000000 0.00000000 0.00000000 0.00000000 0.00000000 0.00000000 0.00000000 0.00000000 0.00000000 0.00000000 0.00000000
0.00424109 0.00100000 0.00764142 0.00900000 0.00488944 0.00100000 0.00324009 0.00195608 0.00900000 0.00100000 0.00353128 0.00131167 0.00445359 0.00100000 0.00265745 0.00168354 0.00261951 0.00446890 0.00900000 0.00900000 0.00172418 0.00409388 0.00454446 0.00555855 0.00160942 0.00900000 0.00206823 0.00100000 0.00554706 0.00496521 0.00686660 0.00183486 0.00522571 0.00203544 0.00362693 0.00773932 0.00466132 0.00300667 0.00445889 0.00231194 0.00640754 0.00100000 0.00738003 0.00263774 0.00534536 0.00900000 0.00549685 0.00329050
0.00709237 0.00460403 0.00497308 0.00100000 0.00900000 0.00374629 0.00100000 0.00277550 0.00900000 0.00551223 0.00418181 0.00387559 0.00283600 0.00171704 0.00267338 0.00516432 0.00745829 0.00898293 0.00234930 0.00100000 0.00796818 0.00589684 0.00100000 0.00100000 0.00900000 0.00437898 0.00245996 0.00100000 0.00118718 0.00707436 0.00169231 0.00201108 0.00359346 0.00628002 0.00605827 0.00100000 0.00100000 0.00516556 0.00298710 0.00855846 0.00157862 0.00100000 0.00573884 0.00100000 0.00100000 0.00833560 0.00100000 0.00670021
0.00100000 0.00230786 0.00674542 0.00100000 0.00103547 0.00289979 0.00100000 0.00900000 0.00216644 0.00561677 0.00100000 0.00100000 0.00100000 0.00100000 0.00712870 0.00100000 0.00100000 0.00118426 0.00218630 0.00415739 0.00238557 0.00626338 0.00539042 0.00100000 0.00100000 0.00127752 0.00699826 0.00900000 0.00400024 0.00381484 0.00794489 0.00154134 0.00100000 0.00100000 0.00506225 0.00900000 0.00489578 0.00100000 0.00100000 0.00551386 0.00479786 0.00713000 0.00811325 0.00393675 0.00100000 0.00900000 0.00453369 0.00242810
0.00000000 0.00000000 0.00000000 0.00000000 0.00000000 0.00000000 0.00000000 0.00000000 0.00000000 0.00000000 0.00000000 0.00000000 0.00000000 0.00000000 0.00000000 0.00000000 0.00000000 0.00000000 0.00000000 0.00000000 0.00000000 0.00000000 0.00000000 0.00000000 0.00000000 0.00000000 0.00000000 0.00000000 0.00000000 0.00000000 0.00000000 0.00000000 0.00000000 0.00000000 0.00000000 0.00000000 0.00000000 0.00000000 0.00000000 0.00000000 0.00000000 0.00000000 0.00000000 0.00000000 0.00000000 0.00000000 0.00000000 0.00000000
0.00107052 0.00871546 0.00100000 0.00100000 0.00415715 0.00654850 0.00100018 0.00180488 0.00100000 0.00100000 0.00900000 0.00155584 0.00524796 0.00150000 0.00100000 0.00181840 0.00100000 0.00100000 0.00265030 0.00100000 0.00100000 0.00670602 0.00416552 0.00100000 0.00100000 0.00100000 0.00501890 0.00441982 0.00100000 0.00879736 0.00100000 0.00100000 0.00100000 0.00365725 0.00594649 0.00207812 0.00100000 0.00802130 0.00100000 0.00100000 0.00623973 0.00100000 0.00100000 0.00100000 0.00272614 0.00100000 0.00100000 0.00285696
0.00100000 0.00394442 0.00219036 0.00548198 0.00155341 0.00100000 0.00100000 0.00100000 0.00100000 0.00823846 0.00900000 0.00690056 0.00286541 0.00100000 0.00100000 0.00100000 0.00100000 0.00125390 0.00100000 0.00100000 0.00581914 0.00100000 0.00100000 0.00630558 0.00100000 0.00276546 0.00100000 0.00562692 0.00696945 0.00592576 0.00100000 0.00775293 0.00100000 0.00153262 0.00378139 0.00179097 0.00100000 0.00623624 0.00335142 0.00100000 0.00100000 0.00100000 0.00131798 0.00628101 0.00520537 0.00100000 0.00363449 0.00900000
0.00355146 0.00100000 0.00506978 0.00697482 0.00791988 0.00311198 0.00100000 0.00100000 0.00628211 0.00100000 0.00442161 0.00100000 0.00100000 0.00537805 0.00184290 0.00100000 0.00100000 0.00100000 0.00100000 0.00715397 0.00496580 0.00100000 0.00100000 0.00100000 0.00133774 0.00600912 0.00100000 0.00533797 0.00807812 0.00820384 0.00348630 0.00100000 0.00533707 0.00100000 0.00362427 0.00721343 0.00124912 0.00192930 0.00100000 0.00100000 0.00569547 0.00100000 0.00257280 0.00401683 0.00216255 0.00129299 0.00706925 0.00318546
