0.00326977 0.00863364 0.00100000 0.00704863 0.00100000 0.00301286 0.00444857 0.00262788 0.00678225 0.00629621 0.00365704 0.00541399 0.00600025 0.00100000 0.00615922 0.00900000 0.00100000 0.00520363 0.00854907 0.00514542 0.00437564 0.00422021 0.00418467 0.00556192 0.00900000 0.00900000 0.00900000 0.00439427 0.00100000 0.00419109 0.00900000 0.00100000 0.00717792 0.00900000 0.00678877 0.00211580 0.00900000 0.00159512 0.00100000 0.00900000 0.00587844 0.00658506 0.00310746 0.00522208 0.00900000 0.00117148 0.00602426 0.00704091
0.00467306 0.00724888 0.00655329 0.00100000 0.00446634 0.00100000 0.00900000 0.00170077 0.00278985 0.00100000 0.00100000 0.00621739 0.00720976 0.00449658 0.00718746 0.00100000 0.00900000 0.00900000 0.00900000 0.00100000 0.00900000 0.00655059 0.00900000 0.00100000 0.00473213 0.00900000 0.00478983 0.00100000 0.00900000 0.00100000 0.00100000 0.00480533 0.00900000 0.00725025 0.00391492 0.00742844 0.00766583 0.00100000 0.00474055 0.00900000 0.00352812 0.00100000 0.00100000 0.00397342 0.00506863 0.00900000 0.00617090 0.00230135
0.00519917 0.00355300 0.00543140 0.00512919 0.00260837 0.00100000 0.00550712 0.00709178 0.00100000 0.00408475 0.00900000 0.00547181 0.00900000 0.00407146 0.00432805 0.00194182 0.00100000 0.00900000 0.00624934 0.00720526 0.00592838 0.00100000 0.00271450 0.00823413 0.00219660 0.00719392 0.00100000 0.00100000 0.00900000 0.00244195 0.00900000 0.00100000 0.00100000 0.00900000 0.00431979 0.00607135 0.00373968 0.00900000 0.00557601 0.00648015 0.00425902 0.00900000 0.00305316 0.00824813 0.00316268 0.00100000 0.00900000 0.00900000
0.00100000 0.00324878 0.00696487 0.00429590 0.00900000 0.00642197 0.00738579 0.00601916 0.00900000 0.00900000 0.00242665 0.00642328 0.00185410 0.00100000 0.00320691 0.00169231 0.00900000 0.00342108 0.00532589 0.00100000 0.00701622 0.00201878 0.00117781 0.00421674 0.00900000 0.00401631 0.00100000 0.00900000 0.00732972 0.00338991 0.00845656 0.00900000 0.00900000 0.00900000 0.00518574 0.00669501 0.00265704 0.00178706 0.00533606 0.00384893 0.00900000 0.00768745 0.00900000 0.00817702 0.00775891 0.00511760 0.00900000 0.00100000
0.00100000 0.00715992 0.00100000 0.00900000 0.00418864 0.00832558 0.00229260 0.00390730 0.00304592 0.00100000 0.00157821 0.00383851 0.00900000 0.00203615 0.00100000 0.00555278 0.00471968 0.00573752 0.00567452 0.00100000 0.00900000 0.00206534 0.00196619 0.00637268 0.00900000 0.00620600 0.00707247 0.00865304 0.00100000 0.00512003 0.00833567 0.00160634 0.00787626 0.00526189 0.00900000 0.00900000 0.00694009 0.00816750 0.00100000 0.00900000 0.00230856 0.00729818 0.00337277 0.00687125 0.00100000 0.00900000 0.00236079 0.00900000
0.00489604 0.00817224 0.00100000 0.00102305 0.00860259 0.00900000 0.00345145 0.00557005 0.00800282 0.00900000 0.00542875 0.00163954 0.00743022 0.00373652 0.00707883 0.00900000 0.00446425 0.00899505 0.00297346 0.00564901 0.00644559 0.00100000 0.00469654 0.00100000 0.00678845 0.00900000 0.00409745 0.00100000 0.00830594 0.00900000 0.00100000 0.00900000 0.00900000 0.00689296 0.00675287 0.00289114 0.00516270 0.00350600 0.00441389 0.00897251 0.00293615 0.00900000 0.00632979 0.00900000 0.00237351 0.00490272 0.00631998 0.00900000
0.00752620 0.00100000 0.00547371 0.00100000 0.00532956 0.00900000 0.00100000 0.00815018 0.00529154 0.00100000 0.00900000 0.00393058 0.00100000 0.00900000 0.00429337 0.00145988 0.00100000 0.00900000 0.00900000 0.00323046 0.00797256 0.00253106 0.00159372 0.00726894 0.00834143 0.00118544 0.00235025 0.00100000 0.00559252 0.00100000 0.00582071 0.00100000 0.00100000 0.00100000 0.00618548 0.00154778 0.00713535 0.00900000 0.00412878 0.00548803 0.00900000 0.00900000 0.00513083 0.00169817 0.00900000 0.00511045 0.00900000 0.00100000
0.00392090 0.00328367 0.00565658 0.00784530 0.00483328 0.00900000 0.00831866 0.00635983 0.00128576 0.00100000 0.00100000 0.00900000 0.00327546 0.00244865 0.00401062 0.00100000 0.00100000 0.00597111 0.00740197 0.00128484 0.00502118 0.00492499 0.00100000 0.00100000 0.00589498 0.00645279 0.00427318 0.00838524 0.00589593 0.00414688 0.00696181 0.00136955 0.00399426 0.00534876 0.00467742 0.00171894 0.00145601 0.00900000 0.00773014 0.00438870 0.00100000 0.00705629 0.00773042 0.00822996 0.00100000 0.00828475 0.00201894 0.00900000
0.00100000 0.00220143 0.00560884 0.00900000 0.00268722 0.00100000 0.00356200 0.00335699 0.00600446 0.00125220 0.00182785 0.00100000 0.00900000 0.00757906 0.00100000 0.00388751 0.00382576 0.00859813 0.00100000 0.00100000 0.00100000 0.00403871 0.00485632 0.00133340 0.00562845 0.00789975 0.00100000 0.00768624 0.00900000 0.00202402 0.00562344 0.00537653 0.00551230 0.00100000 0.00100000 0.00900000 0.00100000 0.00128709 0.00267922 0.00100000 0.00219011 0.00210964 0.00688408 0.00114054 0.00100000 0.00100000 0.00841156 0.00562395
0.00553891 0.00480765 0.00900000 0.00307091 0.00100000 0.00144440 0.00155060 0.00609015 0.00100000 0.00900000 0.00443622 0.00501984 0.00480684 0.00546226 0.00900000 0.00900000 0.00100000 0.00655081 0.00532553 0.00900000 0.00324247 0.00531851 0.00900000 0.00660257 0.00100000 0.00567368 0.00506007 0.00395896 0.00636895 0.00100000 0.00685297 0.00742796 0.00498324 0.00900000 0.00840154 0.00350430 0.00900000 0.00531569 0.00665542 0.00100000 0.00540905 0.00486593 0.00100000 0.00659683 0.00100000 0.00610414 0.00743160 0.00100000
0.00429960 0.00313956 0.00694405 0.00900000 0.00323058 0.00241689 0.00622246 0.00100000 0.00100000 0.00498856 0.00494390 0.00735227 0.00900000 0.00775166 0.00900000 0.00100000 0.00100000 0.00739195 0.00900000 0.00100000 0.00536404 0.00588311 0.00100000 0.00100000 0.00420711 0.00658706 0.00322125 0.00124692 0.00866629 0.00100000 0.00681789 0.00664070 0.00292484 0.00900000 0.00698659 0.00327849 0.00757577 0.00830622 0.00900000 0.00717672 0.00674952 0.00900000 0.00695174 0.00377124 0.00391090 0.00706154 0.00641823 0.00519674
