0.00155196 0.00880491 0.00293413 0.00353696 0.00762614 0.00900000 0.00104943 0.00500079 0.00100000 0.00900000 0.00849034 0.00813859 0.00444537 0.00544673 0.00374857 0.00723295 0.00305924 0.00822353 0.00100000 0.00787133 0.00362273 0.00100000 0.00503270 0.00175682 0.00121115 0.00603197 0.00900000 0.00100000 0.00370013 0.00613510 0.00380810 0.00799223 0.00100000 0.00480518 0.00820505 0.00428275 0.00169920 0.00335386 0.00295219 0.00618395 0.00900000 0.00900000 0.00532221 0.00451706 0.00735236 0.00100000 0.00680114 0.00817221
0.00900000 0.00288777 0.00900000 0.00165045 0.00356364 0.00100000 0.00900000 0.00100000 0.00844703 0.00788981 0.00353423 0.00246719 0.00636770 0.00124412 0.00507439 0.00624072 0.00900000 0.00551546 0.00230324 0.00383655 0.00396664 0.00100000 0.00817783 0.00518462 0.00900000 0.00828979 0.00640867 0.00516874 0.00100000 0.00329287 0.00599981 0.00112682 0.00354866 0.00752587 0.00742855 0.00304723 0.00100000 0.00514876 0.00144548 0.00310034 0.00900000 0.00725836 0.00219300 0.00439047 0.00818259 0.00900000 0.00250575 0.00424155
0.00900000 0.00288777 0.00900000 0.00165045 0.00356364 0.00100000 0.00900000 0.00100000 0.00844703 0.00788981 0.00353423 0.00246719 0.00636770 0.00124412 0.00507439 0.00624072 0.00900000 0.00551546 0.00230324 0.00383655 0.00396664 0.00100000 0.00817783 0.00518462 0.00900000 0.00828979 0.00640867 0.00516874 0.00100000 0.00329287 0.00599981 0.00112682 0.00354866 0.00752587 0.00742855 0.00304723 0.00100000 0.00514876 0.00144548 0.00310034 0.00900000 0.00725836 0.00219300 0.00439047 0.00818259 0.00900000 0.00250575 0.00424155
0.00155318 0.00880398 0.00293461 0.00353573 0.00762695 0.00900000 0.00104844 0.00500070 0.00100000 0.00900000 0.00849392 0.00813942 0.00444582 0.00544617 0.00375120 0.00723289 0.00305897 0.00822210 0.00100000 0.00787061 0.00362250 0.00100000 0.00503229 0.00175792 0.00121133 0.00603221 0.00900000 0.00100000 0.00370038 0.00613654 0.00380691 0.00799159 0.00100000 0.00480382 0.00820569 0.00428198 0.00169861 0.00335312 0.00295121 0.00618463 0.00900000 0.00900000 0.00532112 0.00451686 0.00735123 0.00100000 0.00680093 0.00817215
0.00900000 0.00288685 0.00900000 0.00164926 0.00356446 0.00100000 0.00900000 0.00100000 0.00844526 0.00789151 0.00353781 0.00246803 0.00636817 0.00124354 0.00507703 0.00624064 0.00900000 0.00551397 0.00230705 0.00383581 0.00396643 0.00100000 0.00817746 0.00518570 0.00900000 0.00829000 0.00640929 0.00516848 0.00100000 0.00329426 0.00599865 0.00112618 0.00354851 0.00752449 0.00742920 0.00304644 0.00100000 0.00514806 0.00144450 0.00310102 0.00900000 0.00725956 0.00219189 0.00439026 0.00818146 0.00900000 0.00250552 0.00424149
0.00155318 0.00880398 0.00293461 0.00353573 0.00762695 0.00900000 0.00104844 0.00500070 0.00100000 0.00900000 0.00849392 0.00813942 0.00444582 0.00544617 0.00375120 0.00723289 0.00305897 0.00822210 0.00100000 0.00787061 0.00362250 0.00100000 0.00503229 0.00175792 0.00121133 0.00603221 0.00900000 0.00100000 0.00370038 0.00613654 0.00380691 0.00799159 0.00100000 0.00480382 0.00820569 0.00428198 0.00169861 0.00335312 0.00295121 0.00618463 0.00900000 0.00900000 0.00532112 0.00451686 0.00735123 0.00100000 0.00680093 0.00817215
0.00900000 0.00288685 0.00900000 0.00164926 0.00356446 0.00100000 0.00900000 0.00100000 0.00844526 0.00789151 0.00353781 0.00246803 0.00636817 0.00124354 0.00507703 0.00624064 0.00900000 0.00551397 0.00230705 0.00383581 0.00396643 0.00100000 0.00817746 0.00518570 0.00900000 0.00829000 0.00640929 0.00516848 0.00100000 0.00329426 0.00599865 0.00112618 0.00354851 0.00752449 0.00742920 0.00304644 0.00100000 0.00514806 0.00144450 0.00310102 0.00900000 0.00725956 0.00219189 0.00439026 0.00818146 0.00900000 0.00250552 0.00424149
0.00662488 0.00900000 0.00776426 0.00860351 0.00724111 0.00774262 0.00219887 0.00726817 0.00900000 0.00823002 0.00892435 0.00784777 0.00325862 0.00316690 0.00100000 0.00293570 0.00810888 0.00100000 0.00689249 0.00479771 0.00187667 0.00900000 0.00765395 0.00100392 0.00437793 0.00744023 0.00612084 0.00425114 0.00701765 0.00217337 0.00900000 0.00367074 0.00403274 0.00389538 0.00329113 0.00199173 0.00264006 0.00900000 0.00819475 0.00100000 0.00645030 0.00361315 0.00478663 0.00460586 0.00844203 0.00900000 0.00699812 0.00361438
0.00662488 0.00900000 0.00776426 0.00860351 0.00724111 0.00774262 0.00219887 0.00726817 0.00900000 0.00823002 0.00892435 0.00784777 0.00325862 0.00316690 0.00100000 0.00293570 0.00810888 0.00100000 0.00689249 0.00479771 0.00187667 0.00900000 0.00765395 0.00100392 0.00437793 0.00744023 0.00612084 0.00425114 0.00701765 0.00217337 0.00900000 0.00367074 0.00403274 0.00389538 0.00329113 0.00199173 0.00264006 0.00900000 0.00819475 0.00100000 0.00645030 0.00361315 0.00478663 0.00460586 0.00844203 0.00900000 0.00699812 0.00361438
0.00100000 0.00272246 0.00209658 0.00477321 0.00100000 0.00705811 0.00741732 0.00100000 0.00100000 0.00640213 0.00100000 0.00100000 0.00100000 0.00100000 0.00900000 0.00483396 0.00236871 0.00723008 0.00889553 0.00600564 0.00800962 0.00160034 0.00191025 0.00900000 0.00467700 0.00546771 0.00778892 0.00288600 0.00900000 0.00412388 0.00897329 0.00461878 0.00526466 0.00188981 0.00511988 0.00900000 0.00615420 0.00570886 0.00259270 0.00617797 0.00336862 0.00357025 0.00531406 0.00173284 0.00100000 0.00761519 0.00100000 0.00900000
0.00900000 0.00288685 0.00900000 0.00164926 0.00356446 0.00100000 0.00900000 0.00100000 0.00844526 0.00789151 0.00353781 0.00246803 0.00636817 0.00124354 0.00507703 0.00624064 0.00900000 0.00551397 0.00230705 0.00383581 0.00396643 0.00100000 0.00817746 0.00518570 0.00900000 0.00829000 0.00640929 0.00516848 0.00100000 0.00329426 0.00599865 0.00112618 0.00354851 0.00752449 0.00742920 0.00304644 0.00100000 0.00514806 0.00144450 0.00310102 0.00900000 0.00725956 0.00219189 0.00439026 0.00818146 0.00900000 0.00250552 0.00424149
0.00155318 0.00880398 0.00293461 0.00353573 0.00762695 0.00900000 0.00104844 0.00500070 0.00100000 0.00900000 0.00849392 0.00813942 0.00444582 0.00544617 0.00375120 0.00723289 0.00305897 0.00822210 0.00100000 0.00787061 0.00362250 0.00100000 0.00503229 0.00175792 0.00121133 0.00603221 0.00900000 0.00100000 0.00370038 0.00613654 0.00380691 0.00799159 0.00100000 0.00480382 0.00820569 0.00428198 0.00169861 0.00335312 0.00295121 0.00618463 0.00900000 0.00900000 0.00532112 0.00451686 0.00735123 0.00100000 0.00680093 0.00817215
0.00155318 0.00880398 0.00293461 0.00353573 0.00762695 0.00900000 0.00104844 0.00500070 0.00100000 0.00900000 0.00849392 0.00813942 0.00444582 0.00544617 0.00375120 0.00723289 0.00305897 0.00822210 0.00100000 0.00787061 0.00362250 0.00100000 0.00503229 0.00175792 0.00121133 0.00603221 0.00900000 0.00100000 0.00370038 0.00613654 0.00380691 0.00799159 0.00100000 0.00480382 0.00820569 0.00428198 0.00169861 0.00335312 0.00295121 0.00618463 0.00900000 0.00900000 0.00532112 0.00451686 0.00735123 0.00100000 0.00680093 0.00817215
0.00155318 0.00880398 0.00293461 0.00353573 0.00762695 0.00900000 0.00104844 0.00500070 0.00100000 0.00900000 0.00849392 0.00813942 0.00444582 0.00544617 0.00375120 0.00723289 0.00305897 0.00822210 0.00100000 0.00787061 0.00362250 0.00100000 0.00503229 0.00175792 0.00121133 0.00603221 0.00900000 0.00100000 0.00370038 0.00613654 0.00380691 0.00799159 0.00100000 0.00480382 0.00820569 0.00428198 0.00169861 0.00335312 0.00295121 0.00618463 0.00900000 0.00900000 0.00532112 0.00451686 0.00735123 0.00100000 0.00680093 0.00817215
0.00475606 0.00900000 0.00639864 0.00531642 0.00852307 0.00584253 0.00100000 0.00440387 0.00873684 0.00309735 0.00271788 0.00710429 0.00573201 0.00571361 0.00900000 0.00785035 0.00246534 0.00900000 0.00870421 0.00787326 0.00774763 0.00900000 0.00900000 0.00100000 0.00686499 0.00403120 0.00900000 0.00478831 0.00745811 0.00511156 0.00440672 0.00311564 0.00100000 0.00271803 0.00900000 0.00235250 0.00552902 0.00422733 0.00793501 0.00624951 0.00900000 0.00589878 0.00363472 0.00237552 0.00334955 0.00100000 0.00434242 0.00332009
0.00475606 0.00900000 0.00639864 0.00531642 0.00852307 0.00584253 0.00100000 0.00440387 0.00873684 0.00309735 0.00271788 0.00710429 0.00573201 0.00571361 0.00900000 0.00785035 0.00246534 0.00900000 0.00870421 0.00787326 0.00774763 0.00900000 0.00900000 0.00100000 0.00686499 0.00403120 0.00900000 0.00478831 0.00745811 0.00511156 0.00440672 0.00311564 0.00100000 0.00271803 0.00900000 0.00235250 0.00552902 0.00422733 0.00793501 0.00624951 0.00900000 0.00589878 0.00363472 0.00237552 0.00334955 0.00100000 0.00434242 0.00332009
0.00475606 0.00900000 0.00639864 0.00531642 0.00852307 0.00584253 0.00100000 0.00440387 0.00873684 0.00309735 0.00271788 0.00710429 0.00573201 0.00571361 0.00900000 0.00785035 0.00246534 0.00900000 0.00870421 0.00787326 0.00774763 0.00900000 0.00900000 0.00100000 0.00686499 0.00403120 0.00900000 0.00478831 0.00745811 0.00511156 0.00440672 0.00311564 0.00100000 0.00271803 0.00900000 0.00235250 0.00552902 0.00422733 0.00793501 0.00624951 0.00900000 0.00589878 0.00363472 0.00237552 0.00334955 0.00100000 0.00434242 0.00332009
0.00475606 0.00900000 0.00639864 0.00531642 0.00852307 0.00584253 0.00100000 0.00440387 0.00873684 0.00309735 0.00271788 0.00710429 0.00573201 0.00571361 0.00900000 0.00785035 0.00246534 0.00900000 0.00870421 0.00787326 0.00774763 0.00900000 0.00900000 0.00100000 0.00686499 0.00403120 0.00900000 0.00478831 0.00745811 0.00511156 0.00440672 0.00311564 0.00100000 0.00271803 0.00900000 0.00235250 0.00552902 0.00422733 0.00793501 0.00624951 0.00900000 0.00589878 0.00363472 0.00237552 0.00334955 0.00100000 0.00434242 0.00332009
0.00475606 0.00900000 0.00639864 0.00531642 0.00852307 0.00584253 0.00100000 0.00440387 0.00873684 0.00309735 0.00271788 0.00710429 0.00573201 0.00571361 0.00900000 0.00785035 0.00246534 0.00900000 0.00870421 0.00787326 0.00774763 0.00900000 0.00900000 0.00100000 0.00686499 0.00403120 0.00900000 0.00478831 0.00745811 0.00511156 0.00440672 0.00311564 0.00100000 0.00271803 0.00900000 0.00235250 0.00552902 0.00422733 0.00793501 0.00624951 0.00900000 0.00589878 0.00363472 0.00237552 0.00334955 0.00100000 0.00434242 0.00332009
