0.00490674 0.00581306 0.00788797 0.00336842 0.00900000 0.00100000 0.00398773 0.00507616 0.00900000 0.00100000 0.00579590 0.00900000 0.00474500 0.00801956 0.00655065 0.00694807 0.00526485 0.00794781 0.00861947 0.00900000 0.00181505 0.00900000 0.00727191 0.00502027 0.00900000 0.00360445 0.00452363 0.00900000 0.00100000 0.00263324 0.00288356 0.00408850 0.00353429 0.00100000 0.00100000 0.00100000 0.00412001 0.00900000 0.00248732 0.00280694 0.00337444 0.00900000 0.00475853 0.00100000 0.00698475 0.00276021 0.00100000 0.00900000
0.00490674 0.00581306 0.00788797 0.00336842 0.00900000 0.00100000 0.00398773 0.00507616 0.00900000 0.00100000 0.00579590 0.00900000 0.00474500 0.00801956 0.00655065 0.00694807 0.00526485 0.00794781 0.00861947 0.00900000 0.00181505 0.00900000 0.00727191 0.00502027 0.00900000 0.00360445 0.00452363 0.00900000 0.00100000 0.00263324 0.00288356 0.00408850 0.00353429 0.00100000 0.00100000 0.00100000 0.00412001 0.00900000 0.00248732 0.00280694 0.00337444 0.00900000 0.00475853 0.00100000 0.00698475 0.00276021 0.00100000 0.00900000
0.00490632 0.00581497 0.00788716 0.00336745 0.00900000 0.00100000 0.00398801 0.00507748 0.00900000 0.00100000 0.00579671 0.00900000 0.00474343 0.00802110 0.00655103 0.00694792 0.00526420 0.00795190 0.00861894 0.00900000 0.00181435 0.00900000 0.00727326 0.00501977 0.00900000 0.00360509 0.00452256 0.00900000 0.00100000 0.00263220 0.00288405 0.00408985 0.00353301 0.00100000 0.00100000 0.00100000 0.00412081 0.00900000 0.00248823 0.00280639 0.00337532 0.00900000 0.00475755 0.00100000 0.00698493 0.00276138 0.00100000 0.00900000
0.00490632 0.00581497 0.00788716 0.00336745 0.00900000 0.00100000 0.00398801 0.00507748 0.00900000 0.00100000 0.00579671 0.00900000 0.00474343 0.00802110 0.00655103 0.00694792 0.00526420 0.00795190 0.00861894 0.00900000 0.00181435 0.00900000 0.00727326 0.00501977 0.00900000 0.00360509 0.00452256 0.00900000 0.00100000 0.00263220 0.00288405 0.00408985 0.00353301 0.00100000 0.00100000 0.00100000 0.00412081 0.00900000 0.00248823 0.00280639 0.00337532 0.00900000 0.00475755 0.00100000 0.00698493 0.00276138 0.00100000 0.00900000
0.00878116 0.00690351 0.00693122 0.00100000 0.00822685 0.00100000 0.00667298 0.00259273 0.00398751 0.00407459 0.00452019 0.00739927 0.00900000 0.00769859 0.00466585 0.00900000 0.00811630 0.00800445 0.00577230 0.00377409 0.00329314 0.00152146 0.00658825 0.00153148 0.00290218 0.00100000 0.00257161 0.00100000 0.00100000 0.00900000 0.00509589 0.00357551 0.00532657 0.00152646 0.00344463 0.00100000 0.00325577 0.00100000 0.00807462 0.00481253 0.00327736 0.00100000 0.00900000 0.00616215 0.00900000 0.00207870 0.00713650 0.00497823
0.00878116 0.00690351 0.00693122 0.00100000 0.00822685 0.00100000 0.00667298 0.00259273 0.00398751 0.00407459 0.00452019 0.00739927 0.00900000 0.00769859 0.00466585 0.00900000 0.00811630 0.00800445 0.00577230 0.00377409 0.00329314 0.00152146 0.00658825 0.00153148 0.00290218 0.00100000 0.00257161 0.00100000 0.00100000 0.00900000 0.00509589 0.00357551 0.00532657 0.00152646 0.00344463 0.00100000 0.00325577 0.00100000 0.00807462 0.00481253 0.00327736 0.00100000 0.00900000 0.00616215 0.00900000 0.00207870 0.00713650 0.00497823
0.00662361 0.00900000 0.00776379 0.00860474 0.00724025 0.00774233 0.00219989 0.00726825 0.00900000 0.00822832 0.00892079 0.00784693 0.00325813 0.00316750 0.00100000 0.00293577 0.00810909 0.00100000 0.00688871 0.00479846 0.00187686 0.00900000 0.00765433 0.00100287 0.00437780 0.00744001 0.00612022 0.00425141 0.00701743 0.00217195 0.00900000 0.00367139 0.00403294 0.00389675 0.00329049 0.00199249 0.00264066 0.00900000 0.00819574 0.00100000 0.00645144 0.00361199 0.00478775 0.00460604 0.00844313 0.00900000 0.00699840 0.00361435
0.00490632 0.00581497 0.00788716 0.00336745 0.00900000 0.00100000 0.00398801 0.00507748 0.00900000 0.00100000 0.00579671 0.00900000 0.00474343 0.00802110 0.00655103 0.00694792 0.00526420 0.00795190 0.00861894 0.00900000 0.00181435 0.00900000 0.00727326 0.00501977 0.00900000 0.00360509 0.00452256 0.00900000 0.00100000 0.00263220 0.00288405 0.00408985 0.00353301 0.00100000 0.00100000 0.00100000 0.00412081 0.00900000 0.00248823 0.00280639 0.00337532 0.00900000 0.00475755 0.00100000 0.00698493 0.00276138 0.00100000 0.00900000
0.00155192 0.00880491 0.00293414 0.00353697 0.00762608 0.00900000 0.00104944 0.00500080 0.00100000 0.00900000 0.00849036 0.00813859 0.00444536 0.00544676 0.00374856 0.00723297 0.00305921 0.00822353 0.00100000 0.00787135 0.00362274 0.00100000 0.00503268 0.00175685 0.00121117 0.00603196 0.00900000 0.00100000 0.00370013 0.00613510 0.00380814 0.00799226 0.00100000 0.00480517 0.00820509 0.00428275 0.00169921 0.00335388 0.00295218 0.00618394 0.00900000 0.00900000 0.00532221 0.00451705 0.00735235 0.00100000 0.00680116 0.00817217
0.00155192 0.00880491 0.00293414 0.00353697 0.00762608 0.00900000 0.00104944 0.00500080 0.00100000 0.00900000 0.00849036 0.00813859 0.00444536 0.00544676 0.00374856 0.00723297 0.00305921 0.00822353 0.00100000 0.00787135 0.00362274 0.00100000 0.00503268 0.00175685 0.00121117 0.00603196 0.00900000 0.00100000 0.00370013 0.00613510 0.00380814 0.00799226 0.00100000 0.00480517 0.00820509 0.00428275 0.00169921 0.00335388 0.00295218 0.00618394 0.00900000 0.00900000 0.00532221 0.00451705 0.00735235 0.00100000 0.00680116 0.00817217
0.00155192 0.00880491 0.00293414 0.00353697 0.00762608 0.00900000 0.00104944 0.00500080 0.00100000 0.00900000 0.00849036 0.00813859 0.00444536 0.00544676 0.00374856 0.00723297 0.00305921 0.00822353 0.00100000 0.00787135 0.00362274 0.00100000 0.00503268 0.00175685 0.00121117 0.00603196 0.00900000 0.00100000 0.00370013 0.00613510 0.00380814 0.00799226 0.00100000 0.00480517 0.00820509 0.00428275 0.00169921 0.00335388 0.00295218 0.00618394 0.00900000 0.00900000 0.00532221 0.00451705 0.00735235 0.00100000 0.00680116 0.00817217
0.00155192 0.00880491 0.00293414 0.00353697 0.00762608 0.00900000 0.00104944 0.00500080 0.00100000 0.00900000 0.00849036 0.00813859 0.00444536 0.00544676 0.00374856 0.00723297 0.00305921 0.00822353 0.00100000 0.00787135 0.00362274 0.00100000 0.00503268 0.00175685 0.00121117 0.00603196 0.00900000 0.00100000 0.00370013 0.00613510 0.00380814 0.00799226 0.00100000 0.00480517 0.00820509 0.00428275 0.00169921 0.00335388 0.00295218 0.00618394 0.00900000 0.00900000 0.00532221 0.00451705 0.00735235 0.00100000 0.00680116 0.00817217
0.00155192 0.00880491 0.00293414 0.00353697 0.00762608 0.00900000 0.00104944 0.00500080 0.00100000 0.00900000 0.00849036 0.00813859 0.00444536 0.00544676 0.00374856 0.00723297 0.00305921 0.00822353 0.00100000 0.00787135 0.00362274 0.00100000 0.00503268 0.00175685 0.00121117 0.00603196 0.00900000 0.00100000 0.00370013 0.00613510 0.00380814 0.00799226 0.00100000 0.00480517 0.00820509 0.00428275 0.00169921 0.00335388 0.00295218 0.00618394 0.00900000 0.00900000 0.00532221 0.00451705 0.00735235 0.00100000 0.00680116 0.00817217
