0.00417167 0.00100000 0.00900000 0.00900000 0.00516131 0.00900000 0.00680547 0.00300106 0.00807608 0.00225430 0.00583867 0.00393802 0.00554419 0.00509848 0.00687496 0.00470696 0.00670588 0.00750572 0.00683550 0.00200083 0.00295177 0.00241099 0.00163253 0.00313524 0.00696990 0.00294840 0.00721499 0.00579155 0.00494702 0.00382159 0.00520918 0.00616138 0.00100000 0.00100000 0.00359442 0.00900000 0.00504744 0.00498509 0.00635690 0.00601917 0.00289480 0.00583525 0.00606425 0.00558591 0.00237883 0.00100000 0.00336162 0.00335362
0.00100000 0.00100000 0.00304331 0.00705434 0.00551230 0.00100000 0.00100000 0.00246745 0.00691658 0.00100000 0.00127396 0.00900000 0.00437410 0.00423415 0.00478322 0.00484257 0.00155371 0.00718417 0.00509811 0.00575360 0.00560964 0.00114536 0.00505949 0.00814315 0.00222658 0.00134230 0.00100000 0.00648650 0.00703205 0.00816542 0.00614789 0.00234603 0.00441485 0.00398299 0.00264588 0.00100000 0.00565779 0.00828796 0.00301625 0.00407220 0.00447411 0.00473016 0.00900000 0.00643951 0.00900000 0.00428400 0.00809785 0.00500293
0.00824537 0.00369290 0.00580619 0.00355094 0.00100000 0.00617378 0.00443694 0.00389817 0.00642037 0.00151507 0.00900000 0.00355439 0.00900000 0.00429055 0.00100000 0.00100000 0.00803264 0.00140767 0.00100000 0.00755992 0.00227933 0.00819114 0.00298492 0.00577856 0.00409037 0.00174567 0.00435637 0.00900000 0.00583225 0.00589316 0.00900000 0.00273109 0.00554190 0.00100000 0.00818819 0.00900000 0.00900000 0.00748515 0.00553798 0.00817921 0.00100303 0.00100000 0.00357700 0.00639683 0.00900000 0.00900000 0.00599331 0.00659702
0.00455301 0.00504753 0.00644868 0.00100000 0.00405887 0.00900000 0.00900000 0.00620145 0.00487627 0.00635930 0.00660110 0.00874794 0.00100000 0.00415350 0.00242478 0.00900000 0.00359998 0.00730773 0.00131129 0.00616221 0.00257095 0.00604086 0.00622038 0.00825696 0.00900000 0.00521466 0.00249724 0.00658462 0.00116820 0.00646921 0.00263153 0.00900000 0.00143128 0.00167155 0.00900000 0.00595248 0.00100000 0.00495333 0.00855628 0.00712425 0.00632435 0.00364851 0.00900000 0.00100000 0.00774331 0.00787364 0.00191489 0.00589986
0.00900000 0.00374977 0.00829955 0.00378805 0.00438239 0.00147125 0.00390932 0.00132788 0.00100000 0.00151619 0.00703540 0.00900000 0.00150175 0.00100000 0.00200250 0.00100000 0.00563247 0.00900000 0.00479307 0.00100000 0.00355513 0.00100000 0.00476336 0.00450757 0.00100000 0.00733862 0.00704769 0.00603527 0.00100000 0.00361034 0.00784399 0.00450823 0.00100000 0.00100000 0.00250910 0.00102375 0.00446583 0.00209108 0.00900000 0.00853109 0.00532522 0.00899675 0.00698231 0.00519635 0.00649689 0.00747586 0.00594676 0.00232451
0.00100000 0.00700997 0.00576865 0.00116188 0.00100000 0.00416290 0.00100000 0.00497150 0.00900000 0.00100000 0.00649272 0.00166323 0.00683441 0.00436125 0.00103777 0.00451061 0.00574392 0.00553520 0.00900000 0.00188930 0.00341409 0.00649508 0.00100000 0.00100000 0.00477266 0.00900000 0.00774913 0.00562938 0.00900000 0.00474636 0.00241187 0.00900000 0.00900000 0.00100000 0.00771731 0.00407556 0.00150295 0.00339247 0.00900000 0.00214078 0.00116183 0.00681450 0.00666560 0.00900000 0.00472821 0.00900000 0.00100000 0.00900000
0.00100000 0.00409281 0.00562210 0.00100000 0.00368764 0.00556605 0.00620360 0.00602725 0.00494866 0.00100000 0.00348939 0.00712580 0.00695809 0.00746056 0.00775326 0.00612790 0.00100000 0.00299645 0.00560975 0.00116890 0.00900000 0.00385443 0.00313436 0.00100000 0.00226181 0.00764943 0.00523011 0.00578426 0.00100000 0.00878546 0.00759763 0.00260914 0.00290391 0.00686760 0.00103686 0.00634767 0.00743498 0.00900000 0.00520737 0.00673475 0.00673144 0.00900000 0.00582013 0.00100000 0.00319482 0.00626494 0.00699015 0.00100000
0.00900000 0.00537016 0.00255754 0.00259520 0.00465302 0.00597310 0.00279277 0.00100000 0.00436915 0.00116538 0.00380675 0.00100000 0.00134783 0.00100000 0.00481831 0.00100000 0.00549246 0.00100000 0.00807263 0.00321390 0.00269457 0.00208421 0.00772762 0.00278232 0.00486021 0.00418522 0.00741537 0.00405911 0.00525151 0.00100000 0.00469701 0.00445598 0.00900000 0.00266755 0.00687623 0.00376614 0.00100000 0.00900000 0.00128176 0.00467814 0.00100000 0.00762876 0.00223425 0.00100000 0.00507788 0.00323766 0.00100000 0.00114517
0.00100000 0.00532611 0.00203173 0.00461571 0.00900000 0.00100000 0.00384493 0.00299608 0.00100000 0.00250867 0.00701106 0.00404392 0.00244117 0.00900000 0.00408219 0.00706374 0.00100000 0.00900000 0.00594766 0.00270658 0.00100000 0.00354744 0.00100000 0.00100000 0.00164544 0.00207506 0.00100000 0.00100000 0.00100000 0.00167178 0.00563644 0.00100000 0.00476119 0.00605187 0.00805276 0.00144653 0.00741441 0.00743080 0.00551556 0.00476624 0.00230712 0.00100000 0.00100000 0.00555972 0.00596952 0.00100000 0.00502900 0.00100000
0.00764993 0.00477590 0.00900000 0.00900000 0.00900000 0.00900000 0.00900000 0.00531259 0.00130757 0.00228770 0.00900000 0.00100000 0.00560090 0.00100000 0.00750163 0.00706926 0.00178799 0.00666510 0.00572624 0.00684581 0.00100000 0.00527982 0.00342928 0.00900000 0.00100000 0.00545723 0.00900000 0.00900000 0.00596119 0.00382202 0.00100000 0.00377318 0.00100000 0.00100000 0.00857883 0.00325912 0.00349837 0.00616270 0.00183178 0.00900000 0.00879422 0.00100000 0.00100000 0.00554100 0.00257970 0.00615319 0.00900000 0.00500291
0.00232601 0.00680958 0.00814204 0.00289730 0.00639144 0.00900000 0.00888673 0.00607702 0.00900000 0.00900000 0.00261834 0.00774192 0.00220885 0.00624476 0.00276259 0.00900000 0.00100000 0.00900000 0.00557358 0.00885981 0.00274232 0.00306395 0.00218604 0.00422898 0.00703730 0.00900000 0.00100000 0.00625084 0.00900000 0.00746803 0.00191903 0.00100000 0.00100000 0.00900000 0.00900000 0.00605168 0.00900000 0.00900000 0.00537855 0.00900000 0.00900000 0.00900000 0.00100000 0.00352274 0.00156246 0.00100000 0.00143648 0.00100000
